1765569305679 1.0 0 c1159dd2976a4d818bade24c6e6f3ae1
1765569305679 1.0 0 c1159dd2976a4d818bade24c6e6f3ae1
1765569420295 2.0 0 c1159dd2976a4d818bade24c6e6f3ae1
1765569305679 1.0 0 c1159dd2976a4d818bade24c6e6f3ae1
1765569305679 1.0 0 c1159dd2976a4d818bade24c6e6f3ae1
1765569420295 2.0 0 c1159dd2976a4d818bade24c6e6f3ae1
1765569550048 3.0 0 c1159dd2976a4d818bade24c6e6f3ae1
1765569305679 1.0 0 c1159dd2976a4d818bade24c6e6f3ae1
1765569305679 1.0 0 c1159dd2976a4d818bade24c6e6f3ae1
1765569420295 2.0 0 c1159dd2976a4d818bade24c6e6f3ae1
1765569305679 1.0 0 c1159dd2976a4d818bade24c6e6f3ae1
1765569305679 1.0 0 c1159dd2976a4d818bade24c6e6f3ae1
1765569420295 2.0 0 c1159dd2976a4d818bade24c6e6f3ae1
1765569550048 3.0 0 c1159dd2976a4d818bade24c6e6f3ae1
1765569670032 4.0 0 c1159dd2976a4d818bade24c6e6f3ae1
1765569305679 1.0 0 c1159dd2976a4d818bade24c6e6f3ae1
1765569305679 1.0 0 c1159dd2976a4d818bade24c6e6f3ae1
1765569420295 2.0 0 c1159dd2976a4d818bade24c6e6f3ae1
1765569305679 1.0 0 c1159dd2976a4d818bade24c6e6f3ae1
1765569305679 1.0 0 c1159dd2976a4d818bade24c6e6f3ae1
1765569420295 2.0 0 c1159dd2976a4d818bade24c6e6f3ae1
1765569550048 3.0 0 c1159dd2976a4d818bade24c6e6f3ae1
1765569305679 1.0 0 c1159dd2976a4d818bade24c6e6f3ae1
1765569305679 1.0 0 c1159dd2976a4d818bade24c6e6f3ae1
1765569420295 2.0 0 c1159dd2976a4d818bade24c6e6f3ae1
1765569305679 1.0 0 c1159dd2976a4d818bade24c6e6f3ae1
1765569305679 1.0 0 c1159dd2976a4d818bade24c6e6f3ae1
1765569420295 2.0 0 c1159dd2976a4d818bade24c6e6f3ae1
1765569550048 3.0 0 c1159dd2976a4d818bade24c6e6f3ae1
1765569670032 4.0 0 c1159dd2976a4d818bade24c6e6f3ae1
1765569784629 5.0 0 c1159dd2976a4d818bade24c6e6f3ae1
1765569305679 1.0 0 c1159dd2976a4d818bade24c6e6f3ae1
1765569305679 1.0 0 c1159dd2976a4d818bade24c6e6f3ae1
1765569420295 2.0 0 c1159dd2976a4d818bade24c6e6f3ae1
1765569305679 1.0 0 c1159dd2976a4d818bade24c6e6f3ae1
1765569305679 1.0 0 c1159dd2976a4d818bade24c6e6f3ae1
1765569420295 2.0 0 c1159dd2976a4d818bade24c6e6f3ae1
1765569550048 3.0 0 c1159dd2976a4d818bade24c6e6f3ae1
1765569305679 1.0 0 c1159dd2976a4d818bade24c6e6f3ae1
1765569305679 1.0 0 c1159dd2976a4d818bade24c6e6f3ae1
1765569420295 2.0 0 c1159dd2976a4d818bade24c6e6f3ae1
1765569305679 1.0 0 c1159dd2976a4d818bade24c6e6f3ae1
1765569305679 1.0 0 c1159dd2976a4d818bade24c6e6f3ae1
1765569420295 2.0 0 c1159dd2976a4d818bade24c6e6f3ae1
1765569550048 3.0 0 c1159dd2976a4d818bade24c6e6f3ae1
1765569670032 4.0 0 c1159dd2976a4d818bade24c6e6f3ae1
1765569305679 1.0 0 c1159dd2976a4d818bade24c6e6f3ae1
1765569305679 1.0 0 c1159dd2976a4d818bade24c6e6f3ae1
1765569420295 2.0 0 c1159dd2976a4d818bade24c6e6f3ae1
1765569305679 1.0 0 c1159dd2976a4d818bade24c6e6f3ae1
1765569305679 1.0 0 c1159dd2976a4d818bade24c6e6f3ae1
1765569420295 2.0 0 c1159dd2976a4d818bade24c6e6f3ae1
1765569550048 3.0 0 c1159dd2976a4d818bade24c6e6f3ae1
1765569305679 1.0 0 c1159dd2976a4d818bade24c6e6f3ae1
1765569305679 1.0 0 c1159dd2976a4d818bade24c6e6f3ae1
1765569420295 2.0 0 c1159dd2976a4d818bade24c6e6f3ae1
1765569305679 1.0 0 c1159dd2976a4d818bade24c6e6f3ae1
1765569305679 1.0 0 c1159dd2976a4d818bade24c6e6f3ae1
1765569420295 2.0 0 c1159dd2976a4d818bade24c6e6f3ae1
1765569550048 3.0 0 c1159dd2976a4d818bade24c6e6f3ae1
1765569670032 4.0 0 c1159dd2976a4d818bade24c6e6f3ae1
1765569784629 5.0 0 c1159dd2976a4d818bade24c6e6f3ae1
1765569906146 6.0 0 c1159dd2976a4d818bade24c6e6f3ae1
1765569305679 1.0 0 c1159dd2976a4d818bade24c6e6f3ae1
1765569305679 1.0 0 c1159dd2976a4d818bade24c6e6f3ae1
1765569420295 2.0 0 c1159dd2976a4d818bade24c6e6f3ae1
1765569305679 1.0 0 c1159dd2976a4d818bade24c6e6f3ae1
1765569305679 1.0 0 c1159dd2976a4d818bade24c6e6f3ae1
1765569420295 2.0 0 c1159dd2976a4d818bade24c6e6f3ae1
1765569550048 3.0 0 c1159dd2976a4d818bade24c6e6f3ae1
1765569305679 1.0 0 c1159dd2976a4d818bade24c6e6f3ae1
1765569305679 1.0 0 c1159dd2976a4d818bade24c6e6f3ae1
1765569420295 2.0 0 c1159dd2976a4d818bade24c6e6f3ae1
1765569305679 1.0 0 c1159dd2976a4d818bade24c6e6f3ae1
1765569305679 1.0 0 c1159dd2976a4d818bade24c6e6f3ae1
1765569420295 2.0 0 c1159dd2976a4d818bade24c6e6f3ae1
1765569550048 3.0 0 c1159dd2976a4d818bade24c6e6f3ae1
1765569670032 4.0 0 c1159dd2976a4d818bade24c6e6f3ae1
1765569305679 1.0 0 c1159dd2976a4d818bade24c6e6f3ae1
1765569305679 1.0 0 c1159dd2976a4d818bade24c6e6f3ae1
1765569420295 2.0 0 c1159dd2976a4d818bade24c6e6f3ae1
1765569305679 1.0 0 c1159dd2976a4d818bade24c6e6f3ae1
1765569305679 1.0 0 c1159dd2976a4d818bade24c6e6f3ae1
1765569420295 2.0 0 c1159dd2976a4d818bade24c6e6f3ae1
1765569550048 3.0 0 c1159dd2976a4d818bade24c6e6f3ae1
1765569305679 1.0 0 c1159dd2976a4d818bade24c6e6f3ae1
1765569305679 1.0 0 c1159dd2976a4d818bade24c6e6f3ae1
1765569420295 2.0 0 c1159dd2976a4d818bade24c6e6f3ae1
1765569305679 1.0 0 c1159dd2976a4d818bade24c6e6f3ae1
1765569305679 1.0 0 c1159dd2976a4d818bade24c6e6f3ae1
1765569420295 2.0 0 c1159dd2976a4d818bade24c6e6f3ae1
1765569550048 3.0 0 c1159dd2976a4d818bade24c6e6f3ae1
1765569670032 4.0 0 c1159dd2976a4d818bade24c6e6f3ae1
1765569784629 5.0 0 c1159dd2976a4d818bade24c6e6f3ae1
1765569305679 1.0 0 c1159dd2976a4d818bade24c6e6f3ae1
1765569305679 1.0 0 c1159dd2976a4d818bade24c6e6f3ae1
1765569420295 2.0 0 c1159dd2976a4d818bade24c6e6f3ae1
1765569305679 1.0 0 c1159dd2976a4d818bade24c6e6f3ae1
1765569305679 1.0 0 c1159dd2976a4d818bade24c6e6f3ae1
1765569420295 2.0 0 c1159dd2976a4d818bade24c6e6f3ae1
1765569550048 3.0 0 c1159dd2976a4d818bade24c6e6f3ae1
1765569305679 1.0 0 c1159dd2976a4d818bade24c6e6f3ae1
1765569305679 1.0 0 c1159dd2976a4d818bade24c6e6f3ae1
1765569420295 2.0 0 c1159dd2976a4d818bade24c6e6f3ae1
1765569305679 1.0 0 c1159dd2976a4d818bade24c6e6f3ae1
1765569305679 1.0 0 c1159dd2976a4d818bade24c6e6f3ae1
1765569420295 2.0 0 c1159dd2976a4d818bade24c6e6f3ae1
1765569550048 3.0 0 c1159dd2976a4d818bade24c6e6f3ae1
1765569670032 4.0 0 c1159dd2976a4d818bade24c6e6f3ae1
1765569305679 1.0 0 c1159dd2976a4d818bade24c6e6f3ae1
1765569305679 1.0 0 c1159dd2976a4d818bade24c6e6f3ae1
1765569420295 2.0 0 c1159dd2976a4d818bade24c6e6f3ae1
1765569305679 1.0 0 c1159dd2976a4d818bade24c6e6f3ae1
1765569305679 1.0 0 c1159dd2976a4d818bade24c6e6f3ae1
1765569420295 2.0 0 c1159dd2976a4d818bade24c6e6f3ae1
1765569550048 3.0 0 c1159dd2976a4d818bade24c6e6f3ae1
1765569305679 1.0 0 c1159dd2976a4d818bade24c6e6f3ae1
1765569305679 1.0 0 c1159dd2976a4d818bade24c6e6f3ae1
1765569420295 2.0 0 c1159dd2976a4d818bade24c6e6f3ae1
1765569305679 1.0 0 c1159dd2976a4d818bade24c6e6f3ae1
1765569305679 1.0 0 c1159dd2976a4d818bade24c6e6f3ae1
1765569420295 2.0 0 c1159dd2976a4d818bade24c6e6f3ae1
1765569550048 3.0 0 c1159dd2976a4d818bade24c6e6f3ae1
1765569670032 4.0 0 c1159dd2976a4d818bade24c6e6f3ae1
1765569784629 5.0 0 c1159dd2976a4d818bade24c6e6f3ae1
1765569906146 6.0 0 c1159dd2976a4d818bade24c6e6f3ae1
1765570132063 8.0 0 c1159dd2976a4d818bade24c6e6f3ae1
