1765569284854 1e-05 0
1765569284854 1e-05 0
1765569402058 1e-05 1
1765569284854 1e-05 0
1765569284854 1e-05 0
1765569531565 1e-05 2
1765569284854 1e-05 0
1765569284854 1e-05 0
1765569284854 1e-05 0
1765569284854 1e-05 0
1765569651737 1e-05 3
1765569284854 1e-05 0
1765569284854 1e-05 0
1765569284854 1e-05 0
1765569284854 1e-05 0
1765569284854 1e-05 0
1765569284854 1e-05 0
1765569284854 1e-05 0
1765569284854 1e-05 0
1765569765630 1e-05 4
1765569284854 1e-05 0
1765569284854 1e-05 0
1765569284854 1e-05 0
1765569284854 1e-05 0
1765569284854 1e-05 0
1765569284854 1e-05 0
1765569284854 1e-05 0
1765569284854 1e-05 0
1765569284854 1e-05 0
1765569284854 1e-05 0
1765569284854 1e-05 0
1765569284854 1e-05 0
1765569284854 1e-05 0
1765569284854 1e-05 0
1765569284854 1e-05 0
1765569284854 1e-05 0
1765569884402 1e-05 5
1765569284854 1e-05 0
1765569284854 1e-05 0
1765569284854 1e-05 0
1765569284854 1e-05 0
1765569284854 1e-05 0
1765569284854 1e-05 0
1765569284854 1e-05 0
1765569284854 1e-05 0
1765569284854 1e-05 0
1765569284854 1e-05 0
1765569284854 1e-05 0
1765569284854 1e-05 0
1765569284854 1e-05 0
1765569284854 1e-05 0
1765569284854 1e-05 0
1765569284854 1e-05 0
1765569284854 1e-05 0
1765569284854 1e-05 0
1765569284854 1e-05 0
1765569284854 1e-05 0
1765569284854 1e-05 0
1765569284854 1e-05 0
1765569284854 1e-05 0
1765569284854 1e-05 0
1765569284854 1e-05 0
1765569284854 1e-05 0
1765569284854 1e-05 0
1765569284854 1e-05 0
1765569284854 1e-05 0
1765569284854 1e-05 0
1765569284854 1e-05 0
1765569284854 1e-05 0
1765570009494 1e-05 6
1765570109621 1e-05 7
1765569284854 1e-05 0
1765569284854 1e-05 0
1765569284854 1e-05 0
1765569284854 1e-05 0
1765569284854 1e-05 0
1765569284854 1e-05 0
1765569284854 1e-05 0
1765569284854 1e-05 0
1765569284854 1e-05 0
1765569284854 1e-05 0
1765569284854 1e-05 0
1765569284854 1e-05 0
1765569284854 1e-05 0
1765569284854 1e-05 0
1765569284854 1e-05 0
1765569284854 1e-05 0
1765569284854 1e-05 0
1765569284854 1e-05 0
1765569284854 1e-05 0
1765569284854 1e-05 0
1765569284854 1e-05 0
1765569284854 1e-05 0
1765569284854 1e-05 0
1765569284854 1e-05 0
1765569284854 1e-05 0
1765569284854 1e-05 0
1765569284854 1e-05 0
1765569284854 1e-05 0
1765569284854 1e-05 0
1765569284854 1e-05 0
1765569284854 1e-05 0
1765569284854 1e-05 0
1765569284854 1e-05 0
1765569284854 1e-05 0
1765569284854 1e-05 0
1765569284854 1e-05 0
1765569284854 1e-05 0
1765569284854 1e-05 0
1765569284854 1e-05 0
1765569284854 1e-05 0
1765569284854 1e-05 0
1765569284854 1e-05 0
1765569284854 1e-05 0
1765569284854 1e-05 0
1765569284854 1e-05 0
1765569284854 1e-05 0
1765569284854 1e-05 0
1765569284854 1e-05 0
1765569284854 1e-05 0
1765569284854 1e-05 0
1765569284854 1e-05 0
1765569284854 1e-05 0
1765569284854 1e-05 0
1765569284854 1e-05 0
1765569284854 1e-05 0
1765569284854 1e-05 0
1765569284854 1e-05 0
1765569284854 1e-05 0
1765569284854 1e-05 0
1765569284854 1e-05 0
1765569284854 1e-05 0
1765569284854 1e-05 0
1765569284854 1e-05 0
1765569284854 1e-05 0
1765570229817 1e-05 8
1765569284854 1e-05 0
1765569284854 1e-05 0
1765569284854 1e-05 0
1765569284854 1e-05 0
1765569284854 1e-05 0
1765569284854 1e-05 0
1765569284854 1e-05 0
1765569284854 1e-05 0
1765569284854 1e-05 0
1765569284854 1e-05 0
1765569284854 1e-05 0
1765569284854 1e-05 0
1765569284854 1e-05 0
1765569284854 1e-05 0
1765569284854 1e-05 0
1765569284854 1e-05 0
1765569284854 1e-05 0
1765569284854 1e-05 0
1765569284854 1e-05 0
1765569284854 1e-05 0
1765569284854 1e-05 0
1765569284854 1e-05 0
1765569284854 1e-05 0
1765569284854 1e-05 0
1765569284854 1e-05 0
1765569284854 1e-05 0
1765569284854 1e-05 0
1765569284854 1e-05 0
1765569284854 1e-05 0
1765569284854 1e-05 0
1765569284854 1e-05 0
1765569284854 1e-05 0
1765569284854 1e-05 0
1765569284854 1e-05 0
1765569284854 1e-05 0
1765569284854 1e-05 0
1765569284854 1e-05 0
1765569284854 1e-05 0
1765569284854 1e-05 0
1765569284854 1e-05 0
1765569284854 1e-05 0
1765569284854 1e-05 0
1765569284854 1e-05 0
1765569284854 1e-05 0
1765569284854 1e-05 0
1765569284854 1e-05 0
1765569284854 1e-05 0
1765569284854 1e-05 0
1765569284854 1e-05 0
1765569284854 1e-05 0
1765569284854 1e-05 0
1765569284854 1e-05 0
1765569284854 1e-05 0
1765569284854 1e-05 0
1765569284854 1e-05 0
1765569284854 1e-05 0
1765569284854 1e-05 0
1765569284854 1e-05 0
1765569284854 1e-05 0
1765569284854 1e-05 0
1765569284854 1e-05 0
1765569284854 1e-05 0
1765569284854 1e-05 0
1765569284854 1e-05 0
1765569284854 1e-05 0
1765569284854 1e-05 0
1765569284854 1e-05 0
1765569284854 1e-05 0
1765569284854 1e-05 0
1765569284854 1e-05 0
1765569284854 1e-05 0
1765569284854 1e-05 0
1765569284854 1e-05 0
1765569284854 1e-05 0
1765569284854 1e-05 0
1765569284854 1e-05 0
1765569284854 1e-05 0
1765569284854 1e-05 0
1765569284854 1e-05 0
1765569284854 1e-05 0
1765569284854 1e-05 0
1765569284854 1e-05 0
1765569284854 1e-05 0
1765569284854 1e-05 0
1765569284854 1e-05 0
1765569284854 1e-05 0
1765569284854 1e-05 0
1765569284854 1e-05 0
1765569284854 1e-05 0
1765569284854 1e-05 0
1765569284854 1e-05 0
1765569284854 1e-05 0
1765569284854 1e-05 0
1765569284854 1e-05 0
1765569284854 1e-05 0
1765569284854 1e-05 0
1765569284854 1e-05 0
1765569284854 1e-05 0
1765569284854 1e-05 0
1765569284854 1e-05 0
1765569284854 1e-05 0
1765569284854 1e-05 0
1765569284854 1e-05 0
1765569284854 1e-05 0
1765569284854 1e-05 0
1765569284854 1e-05 0
1765569284854 1e-05 0
1765569284854 1e-05 0
1765569284854 1e-05 0
1765569284854 1e-05 0
1765569284854 1e-05 0
1765569284854 1e-05 0
1765569284854 1e-05 0
1765569284854 1e-05 0
1765569284854 1e-05 0
1765569284854 1e-05 0
1765569284854 1e-05 0
1765569284854 1e-05 0
1765569284854 1e-05 0
1765569284854 1e-05 0
1765569284854 1e-05 0
1765569284854 1e-05 0
1765569284854 1e-05 0
1765569284854 1e-05 0
1765569284854 1e-05 0
1765569284854 1e-05 0
1765569284854 1e-05 0
1765569284854 1e-05 0
1765570350780 1e-05 9
1765569284854 1e-05 0
1765569284854 1e-05 0
1765569284854 1e-05 0
1765569284854 1e-05 0
1765569284854 1e-05 0
1765569284854 1e-05 0
1765569284854 1e-05 0
1765569284854 1e-05 0
1765569284854 1e-05 0
1765569284854 1e-05 0
1765569284854 1e-05 0
1765569284854 1e-05 0
1765569284854 1e-05 0
1765569284854 1e-05 0
1765569284854 1e-05 0
1765569284854 1e-05 0
1765569284854 1e-05 0
1765569284854 1e-05 0
1765569284854 1e-05 0
1765569284854 1e-05 0
1765569284854 1e-05 0
1765569284854 1e-05 0
1765569284854 1e-05 0
1765569284854 1e-05 0
1765569284854 1e-05 0
1765569284854 1e-05 0
1765569284854 1e-05 0
1765569284854 1e-05 0
1765569284854 1e-05 0
1765569284854 1e-05 0
1765569284854 1e-05 0
1765569284854 1e-05 0
1765569284854 1e-05 0
1765569284854 1e-05 0
1765569284854 1e-05 0
1765569284854 1e-05 0
1765569284854 1e-05 0
1765569284854 1e-05 0
1765569284854 1e-05 0
1765569284854 1e-05 0
1765569284854 1e-05 0
1765569284854 1e-05 0
1765569284854 1e-05 0
1765569284854 1e-05 0
1765569284854 1e-05 0
1765569284854 1e-05 0
1765569284854 1e-05 0
1765569284854 1e-05 0
1765569284854 1e-05 0
1765569284854 1e-05 0
1765569284854 1e-05 0
1765569284854 1e-05 0
1765569284854 1e-05 0
1765569284854 1e-05 0
1765569284854 1e-05 0
1765569284854 1e-05 0
1765569284854 1e-05 0
1765569284854 1e-05 0
1765569284854 1e-05 0
1765569284854 1e-05 0
1765569284854 1e-05 0
1765569284854 1e-05 0
1765569284854 1e-05 0
1765569284854 1e-05 0
1765569284854 1e-05 0
1765569284854 1e-05 0
1765569284854 1e-05 0
1765569284854 1e-05 0
1765569284854 1e-05 0
1765569284854 1e-05 0
1765569284854 1e-05 0
1765569284854 1e-05 0
1765569284854 1e-05 0
1765569284854 1e-05 0
1765569284854 1e-05 0
1765569284854 1e-05 0
1765569284854 1e-05 0
1765569284854 1e-05 0
1765569284854 1e-05 0
1765569284854 1e-05 0
1765569284854 1e-05 0
1765569284854 1e-05 0
1765569284854 1e-05 0
1765569284854 1e-05 0
1765569284854 1e-05 0
1765569284854 1e-05 0
1765569284854 1e-05 0
1765569284854 1e-05 0
1765569284854 1e-05 0
1765569284854 1e-05 0
1765569284854 1e-05 0
1765569284854 1e-05 0
1765569284854 1e-05 0
1765569284854 1e-05 0
1765569284854 1e-05 0
1765569284854 1e-05 0
1765569284854 1e-05 0
1765569284854 1e-05 0
1765569284854 1e-05 0
1765569284854 1e-05 0
1765569284854 1e-05 0
1765569284854 1e-05 0
1765569284854 1e-05 0
1765569284854 1e-05 0
1765569284854 1e-05 0
1765569284854 1e-05 0
1765569284854 1e-05 0
1765569284854 1e-05 0
1765569284854 1e-05 0
1765569284854 1e-05 0
1765569284854 1e-05 0
1765569284854 1e-05 0
1765569284854 1e-05 0
1765569284854 1e-05 0
1765569284854 1e-05 0
1765569284854 1e-05 0
1765569284854 1e-05 0
1765569284854 1e-05 0
1765569284854 1e-05 0
1765569284854 1e-05 0
1765569284854 1e-05 0
1765569284854 1e-05 0
1765569284854 1e-05 0
1765569284854 1e-05 0
1765569284854 1e-05 0
1765569284854 1e-05 0
1765569284854 1e-05 0
1765569284854 1e-05 0
1765569284854 1e-05 0
1765569284854 1e-05 0
1765569284854 1e-05 0
1765569284854 1e-05 0
1765569284854 1e-05 0
1765569284854 1e-05 0
1765569284854 1e-05 0
1765569284854 1e-05 0
1765569284854 1e-05 0
1765569284854 1e-05 0
1765569284854 1e-05 0
1765569284854 1e-05 0
1765569284854 1e-05 0
1765569284854 1e-05 0
1765569284854 1e-05 0
1765569284854 1e-05 0
1765569284854 1e-05 0
1765569284854 1e-05 0
1765569284854 1e-05 0
1765569284854 1e-05 0
1765569284854 1e-05 0
1765569284854 1e-05 0
1765569284854 1e-05 0
1765569284854 1e-05 0
1765569284854 1e-05 0
1765569284854 1e-05 0
1765569284854 1e-05 0
1765569284854 1e-05 0
1765569284854 1e-05 0
1765569284854 1e-05 0
1765569284854 1e-05 0
1765569284854 1e-05 0
1765569284854 1e-05 0
1765569284854 1e-05 0
1765569284854 1e-05 0
1765569284854 1e-05 0
1765569284854 1e-05 0
1765569284854 1e-05 0
1765569284854 1e-05 0
1765569284854 1e-05 0
1765569284854 1e-05 0
1765569284854 1e-05 0
1765569284854 1e-05 0
1765569284854 1e-05 0
1765569284854 1e-05 0
1765569284854 1e-05 0
1765569284854 1e-05 0
1765569284854 1e-05 0
1765569284854 1e-05 0
1765569284854 1e-05 0
1765569284854 1e-05 0
1765569284854 1e-05 0
1765569284854 1e-05 0
1765569284854 1e-05 0
1765569284854 1e-05 0
1765569284854 1e-05 0
1765569284854 1e-05 0
1765569284854 1e-05 0
1765569284854 1e-05 0
1765569284854 1e-05 0
1765569284854 1e-05 0
1765569284854 1e-05 0
1765569284854 1e-05 0
1765569284854 1e-05 0
1765569284854 1e-05 0
1765569284854 1e-05 0
1765569284854 1e-05 0
1765569284854 1e-05 0
1765569284854 1e-05 0
1765569284854 1e-05 0
1765569284854 1e-05 0
1765569284854 1e-05 0
1765569284854 1e-05 0
1765569284854 1e-05 0
1765569284854 1e-05 0
1765569284854 1e-05 0
1765569284854 1e-05 0
1765569284854 1e-05 0
1765569284854 1e-05 0
1765569284854 1e-05 0
1765569284854 1e-05 0
1765569284854 1e-05 0
1765569284854 1e-05 0
1765569284854 1e-05 0
1765569284854 1e-05 0
1765569284854 1e-05 0
1765569284854 1e-05 0
1765569284854 1e-05 0
1765569284854 1e-05 0
1765569284854 1e-05 0
1765569284854 1e-05 0
1765569284854 1e-05 0
1765569284854 1e-05 0
1765569284854 1e-05 0
1765569284854 1e-05 0
1765569284854 1e-05 0
1765569284854 1e-05 0
1765569284854 1e-05 0
1765569284854 1e-05 0
1765569284854 1e-05 0
1765569284854 1e-05 0
1765569284854 1e-05 0
1765569284854 1e-05 0
1765569284854 1e-05 0
1765569284854 1e-05 0
1765569284854 1e-05 0
1765569284854 1e-05 0
1765569284854 1e-05 0
1765569284854 1e-05 0
1765569284854 1e-05 0
1765569284854 1e-05 0
1765569284854 1e-05 0
1765569284854 1e-05 0
1765569284854 1e-05 0
1765569284854 1e-05 0
1765569284854 1e-05 0
1765569284854 1e-05 0
1765569284854 1e-05 0
1765569284854 1e-05 0
1765569284854 1e-05 0
1765569284854 1e-05 0
1765569284854 1e-05 0
1765569284854 1e-05 0
1765569284854 1e-05 0
1765569284854 1e-05 0
1765569284854 1e-05 0
1765569284854 1e-05 0
1765569284854 1e-05 0
