1765569284854 82.47694334650856 0
1765569284854 82.47694334650856 0
1765569402058 97.62845849802372 1
1765569284854 82.47694334650856 0
1765569284854 82.47694334650856 0
1765569531565 99.07773386034256 2
1765569284854 82.47694334650856 0
1765569284854 82.47694334650856 0
1765569284854 82.47694334650856 0
1765569284854 82.47694334650856 0
1765569651737 99.47299077733861 3
1765569284854 82.47694334650856 0
1765569284854 82.47694334650856 0
1765569284854 82.47694334650856 0
1765569284854 82.47694334650856 0
1765569284854 82.47694334650856 0
1765569284854 82.47694334650856 0
1765569284854 82.47694334650856 0
1765569284854 82.47694334650856 0
1765569765630 99.47299077733861 4
1765569284854 82.47694334650856 0
1765569284854 82.47694334650856 0
1765569284854 82.47694334650856 0
1765569284854 82.47694334650856 0
1765569284854 82.47694334650856 0
1765569284854 82.47694334650856 0
1765569284854 82.47694334650856 0
1765569284854 82.47694334650856 0
1765569284854 82.47694334650856 0
1765569284854 82.47694334650856 0
1765569284854 82.47694334650856 0
1765569284854 82.47694334650856 0
1765569284854 82.47694334650856 0
1765569284854 82.47694334650856 0
1765569284854 82.47694334650856 0
1765569284854 82.47694334650856 0
1765569884402 99.7364953886693 5
1765569284854 82.47694334650856 0
1765569284854 82.47694334650856 0
1765569284854 82.47694334650856 0
1765569284854 82.47694334650856 0
1765569284854 82.47694334650856 0
1765569284854 82.47694334650856 0
1765569284854 82.47694334650856 0
1765569284854 82.47694334650856 0
1765569284854 82.47694334650856 0
1765569284854 82.47694334650856 0
1765569284854 82.47694334650856 0
1765569284854 82.47694334650856 0
1765569284854 82.47694334650856 0
1765569284854 82.47694334650856 0
1765569284854 82.47694334650856 0
1765569284854 82.47694334650856 0
1765569284854 82.47694334650856 0
1765569284854 82.47694334650856 0
1765569284854 82.47694334650856 0
1765569284854 82.47694334650856 0
1765569284854 82.47694334650856 0
1765569284854 82.47694334650856 0
1765569284854 82.47694334650856 0
1765569284854 82.47694334650856 0
1765569284854 82.47694334650856 0
1765569284854 82.47694334650856 0
1765569284854 82.47694334650856 0
1765569284854 82.47694334650856 0
1765569284854 82.47694334650856 0
1765569284854 82.47694334650856 0
1765569284854 82.47694334650856 0
1765569284854 82.47694334650856 0
1765570009494 99.86824769433466 6
1765570109621 99.86824769433466 7
1765569284854 82.47694334650856 0
1765569284854 82.47694334650856 0
1765569284854 82.47694334650856 0
1765569284854 82.47694334650856 0
1765569284854 82.47694334650856 0
1765569284854 82.47694334650856 0
1765569284854 82.47694334650856 0
1765569284854 82.47694334650856 0
1765569284854 82.47694334650856 0
1765569284854 82.47694334650856 0
1765569284854 82.47694334650856 0
1765569284854 82.47694334650856 0
1765569284854 82.47694334650856 0
1765569284854 82.47694334650856 0
1765569284854 82.47694334650856 0
1765569284854 82.47694334650856 0
1765569284854 82.47694334650856 0
1765569284854 82.47694334650856 0
1765569284854 82.47694334650856 0
1765569284854 82.47694334650856 0
1765569284854 82.47694334650856 0
1765569284854 82.47694334650856 0
1765569284854 82.47694334650856 0
1765569284854 82.47694334650856 0
1765569284854 82.47694334650856 0
1765569284854 82.47694334650856 0
1765569284854 82.47694334650856 0
1765569284854 82.47694334650856 0
1765569284854 82.47694334650856 0
1765569284854 82.47694334650856 0
1765569284854 82.47694334650856 0
1765569284854 82.47694334650856 0
1765569284854 82.47694334650856 0
1765569284854 82.47694334650856 0
1765569284854 82.47694334650856 0
1765569284854 82.47694334650856 0
1765569284854 82.47694334650856 0
1765569284854 82.47694334650856 0
1765569284854 82.47694334650856 0
1765569284854 82.47694334650856 0
1765569284854 82.47694334650856 0
1765569284854 82.47694334650856 0
1765569284854 82.47694334650856 0
1765569284854 82.47694334650856 0
1765569284854 82.47694334650856 0
1765569284854 82.47694334650856 0
1765569284854 82.47694334650856 0
1765569284854 82.47694334650856 0
1765569284854 82.47694334650856 0
1765569284854 82.47694334650856 0
1765569284854 82.47694334650856 0
1765569284854 82.47694334650856 0
1765569284854 82.47694334650856 0
1765569284854 82.47694334650856 0
1765569284854 82.47694334650856 0
1765569284854 82.47694334650856 0
1765569284854 82.47694334650856 0
1765569284854 82.47694334650856 0
1765569284854 82.47694334650856 0
1765569284854 82.47694334650856 0
1765569284854 82.47694334650856 0
1765569284854 82.47694334650856 0
1765569284854 82.47694334650856 0
1765569284854 82.47694334650856 0
1765570229817 100.0 8
1765569284854 82.47694334650856 0
1765569284854 82.47694334650856 0
1765569284854 82.47694334650856 0
1765569284854 82.47694334650856 0
1765569284854 82.47694334650856 0
1765569284854 82.47694334650856 0
1765569284854 82.47694334650856 0
1765569284854 82.47694334650856 0
1765569284854 82.47694334650856 0
1765569284854 82.47694334650856 0
1765569284854 82.47694334650856 0
1765569284854 82.47694334650856 0
1765569284854 82.47694334650856 0
1765569284854 82.47694334650856 0
1765569284854 82.47694334650856 0
1765569284854 82.47694334650856 0
1765569284854 82.47694334650856 0
1765569284854 82.47694334650856 0
1765569284854 82.47694334650856 0
1765569284854 82.47694334650856 0
1765569284854 82.47694334650856 0
1765569284854 82.47694334650856 0
1765569284854 82.47694334650856 0
1765569284854 82.47694334650856 0
1765569284854 82.47694334650856 0
1765569284854 82.47694334650856 0
1765569284854 82.47694334650856 0
1765569284854 82.47694334650856 0
1765569284854 82.47694334650856 0
1765569284854 82.47694334650856 0
1765569284854 82.47694334650856 0
1765569284854 82.47694334650856 0
1765569284854 82.47694334650856 0
1765569284854 82.47694334650856 0
1765569284854 82.47694334650856 0
1765569284854 82.47694334650856 0
1765569284854 82.47694334650856 0
1765569284854 82.47694334650856 0
1765569284854 82.47694334650856 0
1765569284854 82.47694334650856 0
1765569284854 82.47694334650856 0
1765569284854 82.47694334650856 0
1765569284854 82.47694334650856 0
1765569284854 82.47694334650856 0
1765569284854 82.47694334650856 0
1765569284854 82.47694334650856 0
1765569284854 82.47694334650856 0
1765569284854 82.47694334650856 0
1765569284854 82.47694334650856 0
1765569284854 82.47694334650856 0
1765569284854 82.47694334650856 0
1765569284854 82.47694334650856 0
1765569284854 82.47694334650856 0
1765569284854 82.47694334650856 0
1765569284854 82.47694334650856 0
1765569284854 82.47694334650856 0
1765569284854 82.47694334650856 0
1765569284854 82.47694334650856 0
1765569284854 82.47694334650856 0
1765569284854 82.47694334650856 0
1765569284854 82.47694334650856 0
1765569284854 82.47694334650856 0
1765569284854 82.47694334650856 0
1765569284854 82.47694334650856 0
1765569284854 82.47694334650856 0
1765569284854 82.47694334650856 0
1765569284854 82.47694334650856 0
1765569284854 82.47694334650856 0
1765569284854 82.47694334650856 0
1765569284854 82.47694334650856 0
1765569284854 82.47694334650856 0
1765569284854 82.47694334650856 0
1765569284854 82.47694334650856 0
1765569284854 82.47694334650856 0
1765569284854 82.47694334650856 0
1765569284854 82.47694334650856 0
1765569284854 82.47694334650856 0
1765569284854 82.47694334650856 0
1765569284854 82.47694334650856 0
1765569284854 82.47694334650856 0
1765569284854 82.47694334650856 0
1765569284854 82.47694334650856 0
1765569284854 82.47694334650856 0
1765569284854 82.47694334650856 0
1765569284854 82.47694334650856 0
1765569284854 82.47694334650856 0
1765569284854 82.47694334650856 0
1765569284854 82.47694334650856 0
1765569284854 82.47694334650856 0
1765569284854 82.47694334650856 0
1765569284854 82.47694334650856 0
1765569284854 82.47694334650856 0
1765569284854 82.47694334650856 0
1765569284854 82.47694334650856 0
1765569284854 82.47694334650856 0
1765569284854 82.47694334650856 0
1765569284854 82.47694334650856 0
1765569284854 82.47694334650856 0
1765569284854 82.47694334650856 0
1765569284854 82.47694334650856 0
1765569284854 82.47694334650856 0
1765569284854 82.47694334650856 0
1765569284854 82.47694334650856 0
1765569284854 82.47694334650856 0
1765569284854 82.47694334650856 0
1765569284854 82.47694334650856 0
1765569284854 82.47694334650856 0
1765569284854 82.47694334650856 0
1765569284854 82.47694334650856 0
1765569284854 82.47694334650856 0
1765569284854 82.47694334650856 0
1765569284854 82.47694334650856 0
1765569284854 82.47694334650856 0
1765569284854 82.47694334650856 0
1765569284854 82.47694334650856 0
1765569284854 82.47694334650856 0
1765569284854 82.47694334650856 0
1765569284854 82.47694334650856 0
1765569284854 82.47694334650856 0
1765569284854 82.47694334650856 0
1765569284854 82.47694334650856 0
1765569284854 82.47694334650856 0
1765569284854 82.47694334650856 0
1765569284854 82.47694334650856 0
1765569284854 82.47694334650856 0
1765569284854 82.47694334650856 0
1765569284854 82.47694334650856 0
1765569284854 82.47694334650856 0
1765570350780 100.0 9
1765569284854 82.47694334650856 0
1765569284854 82.47694334650856 0
1765569284854 82.47694334650856 0
1765569284854 82.47694334650856 0
1765569284854 82.47694334650856 0
1765569284854 82.47694334650856 0
1765569284854 82.47694334650856 0
1765569284854 82.47694334650856 0
1765569284854 82.47694334650856 0
1765569284854 82.47694334650856 0
1765569284854 82.47694334650856 0
1765569284854 82.47694334650856 0
1765569284854 82.47694334650856 0
1765569284854 82.47694334650856 0
1765569284854 82.47694334650856 0
1765569284854 82.47694334650856 0
1765569284854 82.47694334650856 0
1765569284854 82.47694334650856 0
1765569284854 82.47694334650856 0
1765569284854 82.47694334650856 0
1765569284854 82.47694334650856 0
1765569284854 82.47694334650856 0
1765569284854 82.47694334650856 0
1765569284854 82.47694334650856 0
1765569284854 82.47694334650856 0
1765569284854 82.47694334650856 0
1765569284854 82.47694334650856 0
1765569284854 82.47694334650856 0
1765569284854 82.47694334650856 0
1765569284854 82.47694334650856 0
1765569284854 82.47694334650856 0
1765569284854 82.47694334650856 0
1765569284854 82.47694334650856 0
1765569284854 82.47694334650856 0
1765569284854 82.47694334650856 0
1765569284854 82.47694334650856 0
1765569284854 82.47694334650856 0
1765569284854 82.47694334650856 0
1765569284854 82.47694334650856 0
1765569284854 82.47694334650856 0
1765569284854 82.47694334650856 0
1765569284854 82.47694334650856 0
1765569284854 82.47694334650856 0
1765569284854 82.47694334650856 0
1765569284854 82.47694334650856 0
1765569284854 82.47694334650856 0
1765569284854 82.47694334650856 0
1765569284854 82.47694334650856 0
1765569284854 82.47694334650856 0
1765569284854 82.47694334650856 0
1765569284854 82.47694334650856 0
1765569284854 82.47694334650856 0
1765569284854 82.47694334650856 0
1765569284854 82.47694334650856 0
1765569284854 82.47694334650856 0
1765569284854 82.47694334650856 0
1765569284854 82.47694334650856 0
1765569284854 82.47694334650856 0
1765569284854 82.47694334650856 0
1765569284854 82.47694334650856 0
1765569284854 82.47694334650856 0
1765569284854 82.47694334650856 0
1765569284854 82.47694334650856 0
1765569284854 82.47694334650856 0
1765569284854 82.47694334650856 0
1765569284854 82.47694334650856 0
1765569284854 82.47694334650856 0
1765569284854 82.47694334650856 0
1765569284854 82.47694334650856 0
1765569284854 82.47694334650856 0
1765569284854 82.47694334650856 0
1765569284854 82.47694334650856 0
1765569284854 82.47694334650856 0
1765569284854 82.47694334650856 0
1765569284854 82.47694334650856 0
1765569284854 82.47694334650856 0
1765569284854 82.47694334650856 0
1765569284854 82.47694334650856 0
1765569284854 82.47694334650856 0
1765569284854 82.47694334650856 0
1765569284854 82.47694334650856 0
1765569284854 82.47694334650856 0
1765569284854 82.47694334650856 0
1765569284854 82.47694334650856 0
1765569284854 82.47694334650856 0
1765569284854 82.47694334650856 0
1765569284854 82.47694334650856 0
1765569284854 82.47694334650856 0
1765569284854 82.47694334650856 0
1765569284854 82.47694334650856 0
1765569284854 82.47694334650856 0
1765569284854 82.47694334650856 0
1765569284854 82.47694334650856 0
1765569284854 82.47694334650856 0
1765569284854 82.47694334650856 0
1765569284854 82.47694334650856 0
1765569284854 82.47694334650856 0
1765569284854 82.47694334650856 0
1765569284854 82.47694334650856 0
1765569284854 82.47694334650856 0
1765569284854 82.47694334650856 0
1765569284854 82.47694334650856 0
1765569284854 82.47694334650856 0
1765569284854 82.47694334650856 0
1765569284854 82.47694334650856 0
1765569284854 82.47694334650856 0
1765569284854 82.47694334650856 0
1765569284854 82.47694334650856 0
1765569284854 82.47694334650856 0
1765569284854 82.47694334650856 0
1765569284854 82.47694334650856 0
1765569284854 82.47694334650856 0
1765569284854 82.47694334650856 0
1765569284854 82.47694334650856 0
1765569284854 82.47694334650856 0
1765569284854 82.47694334650856 0
1765569284854 82.47694334650856 0
1765569284854 82.47694334650856 0
1765569284854 82.47694334650856 0
1765569284854 82.47694334650856 0
1765569284854 82.47694334650856 0
1765569284854 82.47694334650856 0
1765569284854 82.47694334650856 0
1765569284854 82.47694334650856 0
1765569284854 82.47694334650856 0
1765569284854 82.47694334650856 0
1765569284854 82.47694334650856 0
1765569284854 82.47694334650856 0
1765569284854 82.47694334650856 0
1765569284854 82.47694334650856 0
1765569284854 82.47694334650856 0
1765569284854 82.47694334650856 0
1765569284854 82.47694334650856 0
1765569284854 82.47694334650856 0
1765569284854 82.47694334650856 0
1765569284854 82.47694334650856 0
1765569284854 82.47694334650856 0
1765569284854 82.47694334650856 0
1765569284854 82.47694334650856 0
1765569284854 82.47694334650856 0
1765569284854 82.47694334650856 0
1765569284854 82.47694334650856 0
1765569284854 82.47694334650856 0
1765569284854 82.47694334650856 0
1765569284854 82.47694334650856 0
1765569284854 82.47694334650856 0
1765569284854 82.47694334650856 0
1765569284854 82.47694334650856 0
1765569284854 82.47694334650856 0
1765569284854 82.47694334650856 0
1765569284854 82.47694334650856 0
1765569284854 82.47694334650856 0
1765569284854 82.47694334650856 0
1765569284854 82.47694334650856 0
1765569284854 82.47694334650856 0
1765569284854 82.47694334650856 0
1765569284854 82.47694334650856 0
1765569284854 82.47694334650856 0
1765569284854 82.47694334650856 0
1765569284854 82.47694334650856 0
1765569284854 82.47694334650856 0
1765569284854 82.47694334650856 0
1765569284854 82.47694334650856 0
1765569284854 82.47694334650856 0
1765569284854 82.47694334650856 0
1765569284854 82.47694334650856 0
1765569284854 82.47694334650856 0
1765569284854 82.47694334650856 0
1765569284854 82.47694334650856 0
1765569284854 82.47694334650856 0
1765569284854 82.47694334650856 0
1765569284854 82.47694334650856 0
1765569284854 82.47694334650856 0
1765569284854 82.47694334650856 0
1765569284854 82.47694334650856 0
1765569284854 82.47694334650856 0
1765569284854 82.47694334650856 0
1765569284854 82.47694334650856 0
1765569284854 82.47694334650856 0
1765569284854 82.47694334650856 0
1765569284854 82.47694334650856 0
1765569284854 82.47694334650856 0
1765569284854 82.47694334650856 0
1765569284854 82.47694334650856 0
1765569284854 82.47694334650856 0
1765569284854 82.47694334650856 0
1765569284854 82.47694334650856 0
1765569284854 82.47694334650856 0
1765569284854 82.47694334650856 0
1765569284854 82.47694334650856 0
1765569284854 82.47694334650856 0
1765569284854 82.47694334650856 0
1765569284854 82.47694334650856 0
1765569284854 82.47694334650856 0
1765569284854 82.47694334650856 0
1765569284854 82.47694334650856 0
1765569284854 82.47694334650856 0
1765569284854 82.47694334650856 0
1765569284854 82.47694334650856 0
1765569284854 82.47694334650856 0
1765569284854 82.47694334650856 0
1765569284854 82.47694334650856 0
1765569284854 82.47694334650856 0
1765569284854 82.47694334650856 0
1765569284854 82.47694334650856 0
1765569284854 82.47694334650856 0
1765569284854 82.47694334650856 0
1765569284854 82.47694334650856 0
1765569284854 82.47694334650856 0
1765569284854 82.47694334650856 0
1765569284854 82.47694334650856 0
1765569284854 82.47694334650856 0
1765569284854 82.47694334650856 0
1765569284854 82.47694334650856 0
1765569284854 82.47694334650856 0
1765569284854 82.47694334650856 0
1765569284854 82.47694334650856 0
1765569284854 82.47694334650856 0
1765569284854 82.47694334650856 0
1765569284854 82.47694334650856 0
1765569284854 82.47694334650856 0
1765569284854 82.47694334650856 0
1765569284854 82.47694334650856 0
1765569284854 82.47694334650856 0
1765569284854 82.47694334650856 0
1765569284854 82.47694334650856 0
1765569284854 82.47694334650856 0
1765569284854 82.47694334650856 0
1765569284854 82.47694334650856 0
1765569284854 82.47694334650856 0
1765569284854 82.47694334650856 0
1765569284854 82.47694334650856 0
1765569284854 82.47694334650856 0
1765569284854 82.47694334650856 0
1765569284854 82.47694334650856 0
1765569284854 82.47694334650856 0
1765569284854 82.47694334650856 0
1765569284854 82.47694334650856 0
1765569284854 82.47694334650856 0
1765569284854 82.47694334650856 0
1765569284854 82.47694334650856 0
1765569284854 82.47694334650856 0
1765569284854 82.47694334650856 0
1765569284854 82.47694334650856 0
1765569284854 82.47694334650856 0
1765569284854 82.47694334650856 0
1765569284854 82.47694334650856 0
1765569284854 82.47694334650856 0
1765569284854 82.47694334650856 0
1765569284854 82.47694334650856 0
1765569284854 82.47694334650856 0
1765569284854 82.47694334650856 0
1765569284854 82.47694334650856 0
1765569284854 82.47694334650856 0
1765569284854 82.47694334650856 0
1765569284854 82.47694334650856 0
