1765569284854 0.38972349744290113 0
1765569284854 0.38972349744290113 0
1765569402058 0.10953709541354328 1
1765569284854 0.38972349744290113 0
1765569284854 0.38972349744290113 0
1765569531565 0.067963551535892 2
1765569284854 0.38972349744290113 0
1765569284854 0.38972349744290113 0
1765569284854 0.38972349744290113 0
1765569284854 0.38972349744290113 0
1765569651737 0.04226739661923299 3
1765569284854 0.38972349744290113 0
1765569284854 0.38972349744290113 0
1765569284854 0.38972349744290113 0
1765569284854 0.38972349744290113 0
1765569284854 0.38972349744290113 0
1765569284854 0.38972349744290113 0
1765569284854 0.38972349744290113 0
1765569284854 0.38972349744290113 0
1765569765630 0.0436114722979255 4
1765569284854 0.38972349744290113 0
1765569284854 0.38972349744290113 0
1765569284854 0.38972349744290113 0
1765569284854 0.38972349744290113 0
1765569284854 0.38972349744290113 0
1765569284854 0.38972349744290113 0
1765569284854 0.38972349744290113 0
1765569284854 0.38972349744290113 0
1765569284854 0.38972349744290113 0
1765569284854 0.38972349744290113 0
1765569284854 0.38972349744290113 0
1765569284854 0.38972349744290113 0
1765569284854 0.38972349744290113 0
1765569284854 0.38972349744290113 0
1765569284854 0.38972349744290113 0
1765569284854 0.38972349744290113 0
1765569884402 0.024173163964102667 5
1765569284854 0.38972349744290113 0
1765569284854 0.38972349744290113 0
1765569284854 0.38972349744290113 0
1765569284854 0.38972349744290113 0
1765569284854 0.38972349744290113 0
1765569284854 0.38972349744290113 0
1765569284854 0.38972349744290113 0
1765569284854 0.38972349744290113 0
1765569284854 0.38972349744290113 0
1765569284854 0.38972349744290113 0
1765569284854 0.38972349744290113 0
1765569284854 0.38972349744290113 0
1765569284854 0.38972349744290113 0
1765569284854 0.38972349744290113 0
1765569284854 0.38972349744290113 0
1765569284854 0.38972349744290113 0
1765569284854 0.38972349744290113 0
1765569284854 0.38972349744290113 0
1765569284854 0.38972349744290113 0
1765569284854 0.38972349744290113 0
1765569284854 0.38972349744290113 0
1765569284854 0.38972349744290113 0
1765569284854 0.38972349744290113 0
1765569284854 0.38972349744290113 0
1765569284854 0.38972349744290113 0
1765569284854 0.38972349744290113 0
1765569284854 0.38972349744290113 0
1765569284854 0.38972349744290113 0
1765569284854 0.38972349744290113 0
1765569284854 0.38972349744290113 0
1765569284854 0.38972349744290113 0
1765569284854 0.38972349744290113 0
1765570009494 0.020483773458787862 6
1765570109621 0.01692610623528405 7
1765569284854 0.38972349744290113 0
1765569284854 0.38972349744290113 0
1765569284854 0.38972349744290113 0
1765569284854 0.38972349744290113 0
1765569284854 0.38972349744290113 0
1765569284854 0.38972349744290113 0
1765569284854 0.38972349744290113 0
1765569284854 0.38972349744290113 0
1765569284854 0.38972349744290113 0
1765569284854 0.38972349744290113 0
1765569284854 0.38972349744290113 0
1765569284854 0.38972349744290113 0
1765569284854 0.38972349744290113 0
1765569284854 0.38972349744290113 0
1765569284854 0.38972349744290113 0
1765569284854 0.38972349744290113 0
1765569284854 0.38972349744290113 0
1765569284854 0.38972349744290113 0
1765569284854 0.38972349744290113 0
1765569284854 0.38972349744290113 0
1765569284854 0.38972349744290113 0
1765569284854 0.38972349744290113 0
1765569284854 0.38972349744290113 0
1765569284854 0.38972349744290113 0
1765569284854 0.38972349744290113 0
1765569284854 0.38972349744290113 0
1765569284854 0.38972349744290113 0
1765569284854 0.38972349744290113 0
1765569284854 0.38972349744290113 0
1765569284854 0.38972349744290113 0
1765569284854 0.38972349744290113 0
1765569284854 0.38972349744290113 0
1765569284854 0.38972349744290113 0
1765569284854 0.38972349744290113 0
1765569284854 0.38972349744290113 0
1765569284854 0.38972349744290113 0
1765569284854 0.38972349744290113 0
1765569284854 0.38972349744290113 0
1765569284854 0.38972349744290113 0
1765569284854 0.38972349744290113 0
1765569284854 0.38972349744290113 0
1765569284854 0.38972349744290113 0
1765569284854 0.38972349744290113 0
1765569284854 0.38972349744290113 0
1765569284854 0.38972349744290113 0
1765569284854 0.38972349744290113 0
1765569284854 0.38972349744290113 0
1765569284854 0.38972349744290113 0
1765569284854 0.38972349744290113 0
1765569284854 0.38972349744290113 0
1765569284854 0.38972349744290113 0
1765569284854 0.38972349744290113 0
1765569284854 0.38972349744290113 0
1765569284854 0.38972349744290113 0
1765569284854 0.38972349744290113 0
1765569284854 0.38972349744290113 0
1765569284854 0.38972349744290113 0
1765569284854 0.38972349744290113 0
1765569284854 0.38972349744290113 0
1765569284854 0.38972349744290113 0
1765569284854 0.38972349744290113 0
1765569284854 0.38972349744290113 0
1765569284854 0.38972349744290113 0
1765569284854 0.38972349744290113 0
1765570229817 0.016776020459171075 8
1765569284854 0.38972349744290113 0
1765569284854 0.38972349744290113 0
1765569284854 0.38972349744290113 0
1765569284854 0.38972349744290113 0
1765569284854 0.38972349744290113 0
1765569284854 0.38972349744290113 0
1765569284854 0.38972349744290113 0
1765569284854 0.38972349744290113 0
1765569284854 0.38972349744290113 0
1765569284854 0.38972349744290113 0
1765569284854 0.38972349744290113 0
1765569284854 0.38972349744290113 0
1765569284854 0.38972349744290113 0
1765569284854 0.38972349744290113 0
1765569284854 0.38972349744290113 0
1765569284854 0.38972349744290113 0
1765569284854 0.38972349744290113 0
1765569284854 0.38972349744290113 0
1765569284854 0.38972349744290113 0
1765569284854 0.38972349744290113 0
1765569284854 0.38972349744290113 0
1765569284854 0.38972349744290113 0
1765569284854 0.38972349744290113 0
1765569284854 0.38972349744290113 0
1765569284854 0.38972349744290113 0
1765569284854 0.38972349744290113 0
1765569284854 0.38972349744290113 0
1765569284854 0.38972349744290113 0
1765569284854 0.38972349744290113 0
1765569284854 0.38972349744290113 0
1765569284854 0.38972349744290113 0
1765569284854 0.38972349744290113 0
1765569284854 0.38972349744290113 0
1765569284854 0.38972349744290113 0
1765569284854 0.38972349744290113 0
1765569284854 0.38972349744290113 0
1765569284854 0.38972349744290113 0
1765569284854 0.38972349744290113 0
1765569284854 0.38972349744290113 0
1765569284854 0.38972349744290113 0
1765569284854 0.38972349744290113 0
1765569284854 0.38972349744290113 0
1765569284854 0.38972349744290113 0
1765569284854 0.38972349744290113 0
1765569284854 0.38972349744290113 0
1765569284854 0.38972349744290113 0
1765569284854 0.38972349744290113 0
1765569284854 0.38972349744290113 0
1765569284854 0.38972349744290113 0
1765569284854 0.38972349744290113 0
1765569284854 0.38972349744290113 0
1765569284854 0.38972349744290113 0
1765569284854 0.38972349744290113 0
1765569284854 0.38972349744290113 0
1765569284854 0.38972349744290113 0
1765569284854 0.38972349744290113 0
1765569284854 0.38972349744290113 0
1765569284854 0.38972349744290113 0
1765569284854 0.38972349744290113 0
1765569284854 0.38972349744290113 0
1765569284854 0.38972349744290113 0
1765569284854 0.38972349744290113 0
1765569284854 0.38972349744290113 0
1765569284854 0.38972349744290113 0
1765569284854 0.38972349744290113 0
1765569284854 0.38972349744290113 0
1765569284854 0.38972349744290113 0
1765569284854 0.38972349744290113 0
1765569284854 0.38972349744290113 0
1765569284854 0.38972349744290113 0
1765569284854 0.38972349744290113 0
1765569284854 0.38972349744290113 0
1765569284854 0.38972349744290113 0
1765569284854 0.38972349744290113 0
1765569284854 0.38972349744290113 0
1765569284854 0.38972349744290113 0
1765569284854 0.38972349744290113 0
1765569284854 0.38972349744290113 0
1765569284854 0.38972349744290113 0
1765569284854 0.38972349744290113 0
1765569284854 0.38972349744290113 0
1765569284854 0.38972349744290113 0
1765569284854 0.38972349744290113 0
1765569284854 0.38972349744290113 0
1765569284854 0.38972349744290113 0
1765569284854 0.38972349744290113 0
1765569284854 0.38972349744290113 0
1765569284854 0.38972349744290113 0
1765569284854 0.38972349744290113 0
1765569284854 0.38972349744290113 0
1765569284854 0.38972349744290113 0
1765569284854 0.38972349744290113 0
1765569284854 0.38972349744290113 0
1765569284854 0.38972349744290113 0
1765569284854 0.38972349744290113 0
1765569284854 0.38972349744290113 0
1765569284854 0.38972349744290113 0
1765569284854 0.38972349744290113 0
1765569284854 0.38972349744290113 0
1765569284854 0.38972349744290113 0
1765569284854 0.38972349744290113 0
1765569284854 0.38972349744290113 0
1765569284854 0.38972349744290113 0
1765569284854 0.38972349744290113 0
1765569284854 0.38972349744290113 0
1765569284854 0.38972349744290113 0
1765569284854 0.38972349744290113 0
1765569284854 0.38972349744290113 0
1765569284854 0.38972349744290113 0
1765569284854 0.38972349744290113 0
1765569284854 0.38972349744290113 0
1765569284854 0.38972349744290113 0
1765569284854 0.38972349744290113 0
1765569284854 0.38972349744290113 0
1765569284854 0.38972349744290113 0
1765569284854 0.38972349744290113 0
1765569284854 0.38972349744290113 0
1765569284854 0.38972349744290113 0
1765569284854 0.38972349744290113 0
1765569284854 0.38972349744290113 0
1765569284854 0.38972349744290113 0
1765569284854 0.38972349744290113 0
1765569284854 0.38972349744290113 0
1765569284854 0.38972349744290113 0
1765569284854 0.38972349744290113 0
1765569284854 0.38972349744290113 0
1765569284854 0.38972349744290113 0
1765569284854 0.38972349744290113 0
1765570350780 0.012842115931562148 9
1765569284854 0.38972349744290113 0
1765569284854 0.38972349744290113 0
1765569284854 0.38972349744290113 0
1765569284854 0.38972349744290113 0
1765569284854 0.38972349744290113 0
1765569284854 0.38972349744290113 0
1765569284854 0.38972349744290113 0
1765569284854 0.38972349744290113 0
1765569284854 0.38972349744290113 0
1765569284854 0.38972349744290113 0
1765569284854 0.38972349744290113 0
1765569284854 0.38972349744290113 0
1765569284854 0.38972349744290113 0
1765569284854 0.38972349744290113 0
1765569284854 0.38972349744290113 0
1765569284854 0.38972349744290113 0
1765569284854 0.38972349744290113 0
1765569284854 0.38972349744290113 0
1765569284854 0.38972349744290113 0
1765569284854 0.38972349744290113 0
1765569284854 0.38972349744290113 0
1765569284854 0.38972349744290113 0
1765569284854 0.38972349744290113 0
1765569284854 0.38972349744290113 0
1765569284854 0.38972349744290113 0
1765569284854 0.38972349744290113 0
1765569284854 0.38972349744290113 0
1765569284854 0.38972349744290113 0
1765569284854 0.38972349744290113 0
1765569284854 0.38972349744290113 0
1765569284854 0.38972349744290113 0
1765569284854 0.38972349744290113 0
1765569284854 0.38972349744290113 0
1765569284854 0.38972349744290113 0
1765569284854 0.38972349744290113 0
1765569284854 0.38972349744290113 0
1765569284854 0.38972349744290113 0
1765569284854 0.38972349744290113 0
1765569284854 0.38972349744290113 0
1765569284854 0.38972349744290113 0
1765569284854 0.38972349744290113 0
1765569284854 0.38972349744290113 0
1765569284854 0.38972349744290113 0
1765569284854 0.38972349744290113 0
1765569284854 0.38972349744290113 0
1765569284854 0.38972349744290113 0
1765569284854 0.38972349744290113 0
1765569284854 0.38972349744290113 0
1765569284854 0.38972349744290113 0
1765569284854 0.38972349744290113 0
1765569284854 0.38972349744290113 0
1765569284854 0.38972349744290113 0
1765569284854 0.38972349744290113 0
1765569284854 0.38972349744290113 0
1765569284854 0.38972349744290113 0
1765569284854 0.38972349744290113 0
1765569284854 0.38972349744290113 0
1765569284854 0.38972349744290113 0
1765569284854 0.38972349744290113 0
1765569284854 0.38972349744290113 0
1765569284854 0.38972349744290113 0
1765569284854 0.38972349744290113 0
1765569284854 0.38972349744290113 0
1765569284854 0.38972349744290113 0
1765569284854 0.38972349744290113 0
1765569284854 0.38972349744290113 0
1765569284854 0.38972349744290113 0
1765569284854 0.38972349744290113 0
1765569284854 0.38972349744290113 0
1765569284854 0.38972349744290113 0
1765569284854 0.38972349744290113 0
1765569284854 0.38972349744290113 0
1765569284854 0.38972349744290113 0
1765569284854 0.38972349744290113 0
1765569284854 0.38972349744290113 0
1765569284854 0.38972349744290113 0
1765569284854 0.38972349744290113 0
1765569284854 0.38972349744290113 0
1765569284854 0.38972349744290113 0
1765569284854 0.38972349744290113 0
1765569284854 0.38972349744290113 0
1765569284854 0.38972349744290113 0
1765569284854 0.38972349744290113 0
1765569284854 0.38972349744290113 0
1765569284854 0.38972349744290113 0
1765569284854 0.38972349744290113 0
1765569284854 0.38972349744290113 0
1765569284854 0.38972349744290113 0
1765569284854 0.38972349744290113 0
1765569284854 0.38972349744290113 0
1765569284854 0.38972349744290113 0
1765569284854 0.38972349744290113 0
1765569284854 0.38972349744290113 0
1765569284854 0.38972349744290113 0
1765569284854 0.38972349744290113 0
1765569284854 0.38972349744290113 0
1765569284854 0.38972349744290113 0
1765569284854 0.38972349744290113 0
1765569284854 0.38972349744290113 0
1765569284854 0.38972349744290113 0
1765569284854 0.38972349744290113 0
1765569284854 0.38972349744290113 0
1765569284854 0.38972349744290113 0
1765569284854 0.38972349744290113 0
1765569284854 0.38972349744290113 0
1765569284854 0.38972349744290113 0
1765569284854 0.38972349744290113 0
1765569284854 0.38972349744290113 0
1765569284854 0.38972349744290113 0
1765569284854 0.38972349744290113 0
1765569284854 0.38972349744290113 0
1765569284854 0.38972349744290113 0
1765569284854 0.38972349744290113 0
1765569284854 0.38972349744290113 0
1765569284854 0.38972349744290113 0
1765569284854 0.38972349744290113 0
1765569284854 0.38972349744290113 0
1765569284854 0.38972349744290113 0
1765569284854 0.38972349744290113 0
1765569284854 0.38972349744290113 0
1765569284854 0.38972349744290113 0
1765569284854 0.38972349744290113 0
1765569284854 0.38972349744290113 0
1765569284854 0.38972349744290113 0
1765569284854 0.38972349744290113 0
1765569284854 0.38972349744290113 0
1765569284854 0.38972349744290113 0
1765569284854 0.38972349744290113 0
1765569284854 0.38972349744290113 0
1765569284854 0.38972349744290113 0
1765569284854 0.38972349744290113 0
1765569284854 0.38972349744290113 0
1765569284854 0.38972349744290113 0
1765569284854 0.38972349744290113 0
1765569284854 0.38972349744290113 0
1765569284854 0.38972349744290113 0
1765569284854 0.38972349744290113 0
1765569284854 0.38972349744290113 0
1765569284854 0.38972349744290113 0
1765569284854 0.38972349744290113 0
1765569284854 0.38972349744290113 0
1765569284854 0.38972349744290113 0
1765569284854 0.38972349744290113 0
1765569284854 0.38972349744290113 0
1765569284854 0.38972349744290113 0
1765569284854 0.38972349744290113 0
1765569284854 0.38972349744290113 0
1765569284854 0.38972349744290113 0
1765569284854 0.38972349744290113 0
1765569284854 0.38972349744290113 0
1765569284854 0.38972349744290113 0
1765569284854 0.38972349744290113 0
1765569284854 0.38972349744290113 0
1765569284854 0.38972349744290113 0
1765569284854 0.38972349744290113 0
1765569284854 0.38972349744290113 0
1765569284854 0.38972349744290113 0
1765569284854 0.38972349744290113 0
1765569284854 0.38972349744290113 0
1765569284854 0.38972349744290113 0
1765569284854 0.38972349744290113 0
1765569284854 0.38972349744290113 0
1765569284854 0.38972349744290113 0
1765569284854 0.38972349744290113 0
1765569284854 0.38972349744290113 0
1765569284854 0.38972349744290113 0
1765569284854 0.38972349744290113 0
1765569284854 0.38972349744290113 0
1765569284854 0.38972349744290113 0
1765569284854 0.38972349744290113 0
1765569284854 0.38972349744290113 0
1765569284854 0.38972349744290113 0
1765569284854 0.38972349744290113 0
1765569284854 0.38972349744290113 0
1765569284854 0.38972349744290113 0
1765569284854 0.38972349744290113 0
1765569284854 0.38972349744290113 0
1765569284854 0.38972349744290113 0
1765569284854 0.38972349744290113 0
1765569284854 0.38972349744290113 0
1765569284854 0.38972349744290113 0
1765569284854 0.38972349744290113 0
1765569284854 0.38972349744290113 0
1765569284854 0.38972349744290113 0
1765569284854 0.38972349744290113 0
1765569284854 0.38972349744290113 0
1765569284854 0.38972349744290113 0
1765569284854 0.38972349744290113 0
1765569284854 0.38972349744290113 0
1765569284854 0.38972349744290113 0
1765569284854 0.38972349744290113 0
1765569284854 0.38972349744290113 0
1765569284854 0.38972349744290113 0
1765569284854 0.38972349744290113 0
1765569284854 0.38972349744290113 0
1765569284854 0.38972349744290113 0
1765569284854 0.38972349744290113 0
1765569284854 0.38972349744290113 0
1765569284854 0.38972349744290113 0
1765569284854 0.38972349744290113 0
1765569284854 0.38972349744290113 0
1765569284854 0.38972349744290113 0
1765569284854 0.38972349744290113 0
1765569284854 0.38972349744290113 0
1765569284854 0.38972349744290113 0
1765569284854 0.38972349744290113 0
1765569284854 0.38972349744290113 0
1765569284854 0.38972349744290113 0
1765569284854 0.38972349744290113 0
1765569284854 0.38972349744290113 0
1765569284854 0.38972349744290113 0
1765569284854 0.38972349744290113 0
1765569284854 0.38972349744290113 0
1765569284854 0.38972349744290113 0
1765569284854 0.38972349744290113 0
1765569284854 0.38972349744290113 0
1765569284854 0.38972349744290113 0
1765569284854 0.38972349744290113 0
1765569284854 0.38972349744290113 0
1765569284854 0.38972349744290113 0
1765569284854 0.38972349744290113 0
1765569284854 0.38972349744290113 0
1765569284854 0.38972349744290113 0
1765569284854 0.38972349744290113 0
1765569284854 0.38972349744290113 0
1765569284854 0.38972349744290113 0
1765569284854 0.38972349744290113 0
1765569284854 0.38972349744290113 0
1765569284854 0.38972349744290113 0
1765569284854 0.38972349744290113 0
1765569284854 0.38972349744290113 0
1765569284854 0.38972349744290113 0
1765569284854 0.38972349744290113 0
1765569284854 0.38972349744290113 0
1765569284854 0.38972349744290113 0
1765569284854 0.38972349744290113 0
1765569284854 0.38972349744290113 0
1765569284854 0.38972349744290113 0
1765569284854 0.38972349744290113 0
1765569284854 0.38972349744290113 0
1765569284854 0.38972349744290113 0
1765569284854 0.38972349744290113 0
1765569284854 0.38972349744290113 0
1765569284854 0.38972349744290113 0
1765569284854 0.38972349744290113 0
1765569284854 0.38972349744290113 0
1765569284854 0.38972349744290113 0
1765569284854 0.38972349744290113 0
1765569284854 0.38972349744290113 0
1765569284854 0.38972349744290113 0
1765569284854 0.38972349744290113 0
1765569284854 0.38972349744290113 0
1765569284854 0.38972349744290113 0
1765569284854 0.38972349744290113 0
1765569284854 0.38972349744290113 0
1765569284854 0.38972349744290113 0
