1765576308965 1.0 0
1765576308965 1.0 0
1765576405317 2.0 0
1765576308965 1.0 0
1765576308965 1.0 0
1765576405317 2.0 0
1765576500431 3.0 0
1765576308965 1.0 0
1765576308965 1.0 0
1765576405317 2.0 0
1765576308965 1.0 0
1765576308965 1.0 0
1765576405317 2.0 0
1765576500431 3.0 0
1765576592748 4.0 0
1765576308965 1.0 0
1765576308965 1.0 0
1765576405317 2.0 0
1765576308965 1.0 0
1765576308965 1.0 0
1765576405317 2.0 0
1765576500431 3.0 0
1765576308965 1.0 0
1765576308965 1.0 0
1765576405317 2.0 0
1765576308965 1.0 0
1765576308965 1.0 0
1765576405317 2.0 0
1765576500431 3.0 0
1765576592748 4.0 0
1765576690404 5.0 0
