1765576289009 1e-05 0
1765576289009 1e-05 0
1765576389070 1e-05 1
1765576289009 1e-05 0
1765576289009 1e-05 0
1765576483704 1e-05 2
1765576289009 1e-05 0
1765576289009 1e-05 0
1765576289009 1e-05 0
1765576289009 1e-05 0
1765576576129 1e-05 3
1765576289009 1e-05 0
1765576289009 1e-05 0
1765576289009 1e-05 0
1765576289009 1e-05 0
1765576289009 1e-05 0
1765576289009 1e-05 0
1765576289009 1e-05 0
1765576289009 1e-05 0
1765576673522 1e-05 4
1765576289009 1e-05 0
1765576289009 1e-05 0
1765576289009 1e-05 0
1765576289009 1e-05 0
1765576289009 1e-05 0
1765576289009 1e-05 0
1765576289009 1e-05 0
1765576289009 1e-05 0
1765576289009 1e-05 0
1765576289009 1e-05 0
1765576289009 1e-05 0
1765576289009 1e-05 0
1765576289009 1e-05 0
1765576289009 1e-05 0
1765576289009 1e-05 0
1765576289009 1e-05 0
