1765576289009 66.66666666666667 0
1765576289009 66.66666666666667 0
1765576389070 96.41350210970464 1
1765576289009 66.66666666666667 0
1765576289009 66.66666666666667 0
1765576483704 98.73417721518987 2
1765576289009 66.66666666666667 0
1765576289009 66.66666666666667 0
1765576289009 66.66666666666667 0
1765576289009 66.66666666666667 0
1765576576129 99.57805907172995 3
1765576289009 66.66666666666667 0
1765576289009 66.66666666666667 0
1765576289009 66.66666666666667 0
1765576289009 66.66666666666667 0
1765576289009 66.66666666666667 0
1765576289009 66.66666666666667 0
1765576289009 66.66666666666667 0
1765576289009 66.66666666666667 0
1765576673522 98.10126582278481 4
1765576289009 66.66666666666667 0
1765576289009 66.66666666666667 0
1765576289009 66.66666666666667 0
1765576289009 66.66666666666667 0
1765576289009 66.66666666666667 0
1765576289009 66.66666666666667 0
1765576289009 66.66666666666667 0
1765576289009 66.66666666666667 0
1765576289009 66.66666666666667 0
1765576289009 66.66666666666667 0
1765576289009 66.66666666666667 0
1765576289009 66.66666666666667 0
1765576289009 66.66666666666667 0
1765576289009 66.66666666666667 0
1765576289009 66.66666666666667 0
1765576289009 66.66666666666667 0
