1765576289009 0.5481526931126912 0
1765576289009 0.5481526931126912 0
1765576389070 0.17150611095130444 1
1765576289009 0.5481526931126912 0
1765576289009 0.5481526931126912 0
1765576483704 0.07404461043576399 2
1765576289009 0.5481526931126912 0
1765576289009 0.5481526931126912 0
1765576289009 0.5481526931126912 0
1765576289009 0.5481526931126912 0
1765576576129 0.05558572777857383 3
1765576289009 0.5481526931126912 0
1765576289009 0.5481526931126912 0
1765576289009 0.5481526931126912 0
1765576289009 0.5481526931126912 0
1765576289009 0.5481526931126912 0
1765576289009 0.5481526931126912 0
1765576289009 0.5481526931126912 0
1765576289009 0.5481526931126912 0
1765576673522 0.07676777445400755 4
1765576289009 0.5481526931126912 0
1765576289009 0.5481526931126912 0
1765576289009 0.5481526931126912 0
1765576289009 0.5481526931126912 0
1765576289009 0.5481526931126912 0
1765576289009 0.5481526931126912 0
1765576289009 0.5481526931126912 0
1765576289009 0.5481526931126912 0
1765576289009 0.5481526931126912 0
1765576289009 0.5481526931126912 0
1765576289009 0.5481526931126912 0
1765576289009 0.5481526931126912 0
1765576289009 0.5481526931126912 0
1765576289009 0.5481526931126912 0
1765576289009 0.5481526931126912 0
1765576289009 0.5481526931126912 0
