1765576289009 1e-05 0 9bf23d1e77f5478a8670d4cb537c6dea
1765576289009 1e-05 0 9bf23d1e77f5478a8670d4cb537c6dea
1765576289009 1e-05 0 9bf23d1e77f5478a8670d4cb537c6dea
1765576289009 1e-05 0 9bf23d1e77f5478a8670d4cb537c6dea
1765576289009 1e-05 0 9bf23d1e77f5478a8670d4cb537c6dea
1765576289009 1e-05 0 9bf23d1e77f5478a8670d4cb537c6dea
1765576289009 1e-05 0 9bf23d1e77f5478a8670d4cb537c6dea
1765576289009 1e-05 0 9bf23d1e77f5478a8670d4cb537c6dea
1765576289009 1e-05 0 9bf23d1e77f5478a8670d4cb537c6dea
1765576289009 1e-05 0 9bf23d1e77f5478a8670d4cb537c6dea
1765576289009 1e-05 0 9bf23d1e77f5478a8670d4cb537c6dea
1765576289009 1e-05 0 9bf23d1e77f5478a8670d4cb537c6dea
1765576289009 1e-05 0 9bf23d1e77f5478a8670d4cb537c6dea
1765576289009 1e-05 0 9bf23d1e77f5478a8670d4cb537c6dea
1765576289009 1e-05 0 9bf23d1e77f5478a8670d4cb537c6dea
1765576289009 1e-05 0 9bf23d1e77f5478a8670d4cb537c6dea
