1765571635453 1e-05 0 95753a2d029a41b5b17618b2a2082c36
1765571635453 1e-05 0 95753a2d029a41b5b17618b2a2082c36
1765571635453 1e-05 0 95753a2d029a41b5b17618b2a2082c36
1765571635453 1e-05 0 95753a2d029a41b5b17618b2a2082c36
1765571635453 1e-05 0 95753a2d029a41b5b17618b2a2082c36
1765571635453 1e-05 0 95753a2d029a41b5b17618b2a2082c36
1765571635453 1e-05 0 95753a2d029a41b5b17618b2a2082c36
1765571635453 1e-05 0 95753a2d029a41b5b17618b2a2082c36
1765571635453 1e-05 0 95753a2d029a41b5b17618b2a2082c36
1765571635453 1e-05 0 95753a2d029a41b5b17618b2a2082c36
1765571635453 1e-05 0 95753a2d029a41b5b17618b2a2082c36
1765571635453 1e-05 0 95753a2d029a41b5b17618b2a2082c36
1765571635453 1e-05 0 95753a2d029a41b5b17618b2a2082c36
1765571635453 1e-05 0 95753a2d029a41b5b17618b2a2082c36
1765571635453 1e-05 0 95753a2d029a41b5b17618b2a2082c36
1765571635453 1e-05 0 95753a2d029a41b5b17618b2a2082c36
1765571635453 1e-05 0 95753a2d029a41b5b17618b2a2082c36
1765571635453 1e-05 0 95753a2d029a41b5b17618b2a2082c36
1765571635453 1e-05 0 95753a2d029a41b5b17618b2a2082c36
1765571635453 1e-05 0 95753a2d029a41b5b17618b2a2082c36
1765571635453 1e-05 0 95753a2d029a41b5b17618b2a2082c36
1765571635453 1e-05 0 95753a2d029a41b5b17618b2a2082c36
1765571635453 1e-05 0 95753a2d029a41b5b17618b2a2082c36
1765571635453 1e-05 0 95753a2d029a41b5b17618b2a2082c36
1765571635453 1e-05 0 95753a2d029a41b5b17618b2a2082c36
1765571635453 1e-05 0 95753a2d029a41b5b17618b2a2082c36
1765571635453 1e-05 0 95753a2d029a41b5b17618b2a2082c36
1765571635453 1e-05 0 95753a2d029a41b5b17618b2a2082c36
1765571635453 1e-05 0 95753a2d029a41b5b17618b2a2082c36
1765571635453 1e-05 0 95753a2d029a41b5b17618b2a2082c36
1765571635453 1e-05 0 95753a2d029a41b5b17618b2a2082c36
1765571635453 1e-05 0 95753a2d029a41b5b17618b2a2082c36
1765571635453 1e-05 0 95753a2d029a41b5b17618b2a2082c36
1765571635453 1e-05 0 95753a2d029a41b5b17618b2a2082c36
1765571635453 1e-05 0 95753a2d029a41b5b17618b2a2082c36
1765571635453 1e-05 0 95753a2d029a41b5b17618b2a2082c36
1765571635453 1e-05 0 95753a2d029a41b5b17618b2a2082c36
1765571635453 1e-05 0 95753a2d029a41b5b17618b2a2082c36
1765571635453 1e-05 0 95753a2d029a41b5b17618b2a2082c36
1765571635453 1e-05 0 95753a2d029a41b5b17618b2a2082c36
1765571635453 1e-05 0 95753a2d029a41b5b17618b2a2082c36
1765571635453 1e-05 0 95753a2d029a41b5b17618b2a2082c36
1765571635453 1e-05 0 95753a2d029a41b5b17618b2a2082c36
1765571635453 1e-05 0 95753a2d029a41b5b17618b2a2082c36
1765571635453 1e-05 0 95753a2d029a41b5b17618b2a2082c36
1765571635453 1e-05 0 95753a2d029a41b5b17618b2a2082c36
1765571635453 1e-05 0 95753a2d029a41b5b17618b2a2082c36
1765571635453 1e-05 0 95753a2d029a41b5b17618b2a2082c36
1765571635453 1e-05 0 95753a2d029a41b5b17618b2a2082c36
1765571635453 1e-05 0 95753a2d029a41b5b17618b2a2082c36
1765571635453 1e-05 0 95753a2d029a41b5b17618b2a2082c36
1765571635453 1e-05 0 95753a2d029a41b5b17618b2a2082c36
1765571635453 1e-05 0 95753a2d029a41b5b17618b2a2082c36
1765571635453 1e-05 0 95753a2d029a41b5b17618b2a2082c36
1765571635453 1e-05 0 95753a2d029a41b5b17618b2a2082c36
1765571635453 1e-05 0 95753a2d029a41b5b17618b2a2082c36
1765571635453 1e-05 0 95753a2d029a41b5b17618b2a2082c36
1765571635453 1e-05 0 95753a2d029a41b5b17618b2a2082c36
1765571635453 1e-05 0 95753a2d029a41b5b17618b2a2082c36
1765571635453 1e-05 0 95753a2d029a41b5b17618b2a2082c36
1765571635453 1e-05 0 95753a2d029a41b5b17618b2a2082c36
1765571635453 1e-05 0 95753a2d029a41b5b17618b2a2082c36
1765571635453 1e-05 0 95753a2d029a41b5b17618b2a2082c36
1765571635453 1e-05 0 95753a2d029a41b5b17618b2a2082c36
