1765576776262 0.3956843713919322 0 9d4a75981d5843d7a972d9b111f72175
1765576776262 0.3956843713919322 0 9d4a75981d5843d7a972d9b111f72175
1765576776262 0.3956843713919322 0 9d4a75981d5843d7a972d9b111f72175
1765576776262 0.3956843713919322 0 9d4a75981d5843d7a972d9b111f72175
1765576776262 0.3956843713919322 0 9d4a75981d5843d7a972d9b111f72175
1765576776262 0.3956843713919322 0 9d4a75981d5843d7a972d9b111f72175
1765576776262 0.3956843713919322 0 9d4a75981d5843d7a972d9b111f72175
1765576776262 0.3956843713919322 0 9d4a75981d5843d7a972d9b111f72175
1765576776262 0.3956843713919322 0 9d4a75981d5843d7a972d9b111f72175
1765576776262 0.3956843713919322 0 9d4a75981d5843d7a972d9b111f72175
1765576776262 0.3956843713919322 0 9d4a75981d5843d7a972d9b111f72175
1765576776262 0.3956843713919322 0 9d4a75981d5843d7a972d9b111f72175
1765576776262 0.3956843713919322 0 9d4a75981d5843d7a972d9b111f72175
1765576776262 0.3956843713919322 0 9d4a75981d5843d7a972d9b111f72175
1765576776262 0.3956843713919322 0 9d4a75981d5843d7a972d9b111f72175
1765576776262 0.3956843713919322 0 9d4a75981d5843d7a972d9b111f72175
