1765570484130 91.699604743083 0 265fd86b1fa849cf980caa8109ee8813
1765570484130 91.699604743083 0 265fd86b1fa849cf980caa8109ee8813
1765570484130 91.699604743083 0 265fd86b1fa849cf980caa8109ee8813
1765570484130 91.699604743083 0 265fd86b1fa849cf980caa8109ee8813
1765570484130 91.699604743083 0 265fd86b1fa849cf980caa8109ee8813
1765570484130 91.699604743083 0 265fd86b1fa849cf980caa8109ee8813
1765570484130 91.699604743083 0 265fd86b1fa849cf980caa8109ee8813
1765570484130 91.699604743083 0 265fd86b1fa849cf980caa8109ee8813
1765570484130 91.699604743083 0 265fd86b1fa849cf980caa8109ee8813
1765570484130 91.699604743083 0 265fd86b1fa849cf980caa8109ee8813
1765570484130 91.699604743083 0 265fd86b1fa849cf980caa8109ee8813
1765570484130 91.699604743083 0 265fd86b1fa849cf980caa8109ee8813
1765570484130 91.699604743083 0 265fd86b1fa849cf980caa8109ee8813
1765570484130 91.699604743083 0 265fd86b1fa849cf980caa8109ee8813
1765570484130 91.699604743083 0 265fd86b1fa849cf980caa8109ee8813
1765570484130 91.699604743083 0 265fd86b1fa849cf980caa8109ee8813
