1765571649678 1.0 0
1765571649678 1.0 0
1765571761400 2.0 0
1765571649678 1.0 0
1765571649678 1.0 0
1765571761400 2.0 0
1765574555426 3.0 0
1765571649678 1.0 0
1765571649678 1.0 0
1765571761400 2.0 0
1765571649678 1.0 0
1765571649678 1.0 0
1765571761400 2.0 0
1765574555426 3.0 0
1765574665709 4.0 0
1765571649678 1.0 0
1765571649678 1.0 0
1765571761400 2.0 0
1765571649678 1.0 0
1765571649678 1.0 0
1765571761400 2.0 0
1765574555426 3.0 0
1765571649678 1.0 0
1765571649678 1.0 0
1765571761400 2.0 0
1765571649678 1.0 0
1765571649678 1.0 0
1765571761400 2.0 0
1765574555426 3.0 0
1765574665709 4.0 0
1765574780633 5.0 0
1765571649678 1.0 0
1765571649678 1.0 0
1765571761400 2.0 0
1765571649678 1.0 0
1765571649678 1.0 0
1765571761400 2.0 0
1765574555426 3.0 0
1765571649678 1.0 0
1765571649678 1.0 0
1765571761400 2.0 0
1765571649678 1.0 0
1765571649678 1.0 0
1765571761400 2.0 0
1765574555426 3.0 0
1765574665709 4.0 0
1765571649678 1.0 0
1765571649678 1.0 0
1765571761400 2.0 0
1765571649678 1.0 0
1765571649678 1.0 0
1765571761400 2.0 0
1765574555426 3.0 0
1765571649678 1.0 0
1765571649678 1.0 0
1765571761400 2.0 0
1765571649678 1.0 0
1765571649678 1.0 0
1765571761400 2.0 0
1765574555426 3.0 0
1765574665709 4.0 0
1765574780633 5.0 0
1765574910324 6.0 0
1765571649678 1.0 0
1765571649678 1.0 0
1765571761400 2.0 0
1765571649678 1.0 0
1765571649678 1.0 0
1765571761400 2.0 0
1765574555426 3.0 0
1765571649678 1.0 0
1765571649678 1.0 0
1765571761400 2.0 0
1765571649678 1.0 0
1765571649678 1.0 0
1765571761400 2.0 0
1765574555426 3.0 0
1765574665709 4.0 0
1765571649678 1.0 0
1765571649678 1.0 0
1765571761400 2.0 0
1765571649678 1.0 0
1765571649678 1.0 0
1765571761400 2.0 0
1765574555426 3.0 0
1765571649678 1.0 0
1765571649678 1.0 0
1765571761400 2.0 0
1765571649678 1.0 0
1765571649678 1.0 0
1765571761400 2.0 0
1765574555426 3.0 0
1765574665709 4.0 0
1765574780633 5.0 0
1765571649678 1.0 0
1765571649678 1.0 0
1765571761400 2.0 0
1765571649678 1.0 0
1765571649678 1.0 0
1765571761400 2.0 0
1765574555426 3.0 0
1765571649678 1.0 0
1765571649678 1.0 0
1765571761400 2.0 0
1765571649678 1.0 0
1765571649678 1.0 0
1765571761400 2.0 0
1765574555426 3.0 0
1765574665709 4.0 0
1765571649678 1.0 0
1765571649678 1.0 0
1765571761400 2.0 0
1765571649678 1.0 0
1765571649678 1.0 0
1765571761400 2.0 0
1765574555426 3.0 0
1765571649678 1.0 0
1765571649678 1.0 0
1765571761400 2.0 0
1765571649678 1.0 0
1765571649678 1.0 0
1765571761400 2.0 0
1765574555426 3.0 0
1765574665709 4.0 0
1765574780633 5.0 0
1765574910324 6.0 0
1765575255638 9.0 0
1765571649678 1.0 0
1765571649678 1.0 0
1765571761400 2.0 0
1765571649678 1.0 0
1765571649678 1.0 0
1765571761400 2.0 0
1765574555426 3.0 0
1765571649678 1.0 0
1765571649678 1.0 0
1765571761400 2.0 0
1765571649678 1.0 0
1765571649678 1.0 0
1765571761400 2.0 0
1765574555426 3.0 0
1765574665709 4.0 0
1765571649678 1.0 0
1765571649678 1.0 0
1765571761400 2.0 0
1765571649678 1.0 0
1765571649678 1.0 0
1765571761400 2.0 0
1765574555426 3.0 0
1765571649678 1.0 0
1765571649678 1.0 0
1765571761400 2.0 0
1765571649678 1.0 0
1765571649678 1.0 0
1765571761400 2.0 0
1765574555426 3.0 0
1765574665709 4.0 0
1765574780633 5.0 0
1765571649678 1.0 0
1765571649678 1.0 0
1765571761400 2.0 0
1765571649678 1.0 0
1765571649678 1.0 0
1765571761400 2.0 0
1765574555426 3.0 0
1765571649678 1.0 0
1765571649678 1.0 0
1765571761400 2.0 0
1765571649678 1.0 0
1765571649678 1.0 0
1765571761400 2.0 0
1765574555426 3.0 0
1765574665709 4.0 0
1765571649678 1.0 0
1765571649678 1.0 0
1765571761400 2.0 0
1765571649678 1.0 0
1765571649678 1.0 0
1765571761400 2.0 0
1765574555426 3.0 0
1765571649678 1.0 0
1765571649678 1.0 0
1765571761400 2.0 0
1765571649678 1.0 0
1765571649678 1.0 0
1765571761400 2.0 0
1765574555426 3.0 0
1765574665709 4.0 0
1765574780633 5.0 0
1765574910324 6.0 0
1765571649678 1.0 0
1765571649678 1.0 0
1765571761400 2.0 0
1765571649678 1.0 0
1765571649678 1.0 0
1765571761400 2.0 0
1765574555426 3.0 0
1765571649678 1.0 0
1765571649678 1.0 0
1765571761400 2.0 0
1765571649678 1.0 0
1765571649678 1.0 0
1765571761400 2.0 0
1765574555426 3.0 0
1765574665709 4.0 0
1765571649678 1.0 0
1765571649678 1.0 0
1765571761400 2.0 0
1765571649678 1.0 0
1765571649678 1.0 0
1765571761400 2.0 0
1765574555426 3.0 0
1765571649678 1.0 0
1765571649678 1.0 0
1765571761400 2.0 0
1765571649678 1.0 0
1765571649678 1.0 0
1765571761400 2.0 0
1765574555426 3.0 0
1765574665709 4.0 0
1765574780633 5.0 0
1765571649678 1.0 0
1765571649678 1.0 0
1765571761400 2.0 0
1765571649678 1.0 0
1765571649678 1.0 0
1765571761400 2.0 0
1765574555426 3.0 0
1765571649678 1.0 0
1765571649678 1.0 0
1765571761400 2.0 0
1765571649678 1.0 0
1765571649678 1.0 0
1765571761400 2.0 0
1765574555426 3.0 0
1765574665709 4.0 0
1765571649678 1.0 0
1765571649678 1.0 0
1765571761400 2.0 0
1765571649678 1.0 0
1765571649678 1.0 0
1765571761400 2.0 0
1765574555426 3.0 0
1765571649678 1.0 0
1765571649678 1.0 0
1765571761400 2.0 0
1765571649678 1.0 0
1765571649678 1.0 0
1765571761400 2.0 0
1765574555426 3.0 0
1765574665709 4.0 0
1765574780633 5.0 0
1765574910324 6.0 0
1765575255638 9.0 0
1765575382267 10.0 0
