1765571635453 1e-05 0
1765571635453 1e-05 0
1765571746962 1e-05 1
1765571635453 1e-05 0
1765571635453 1e-05 0
1765574541684 1e-05 2
1765571635453 1e-05 0
1765571635453 1e-05 0
1765571635453 1e-05 0
1765571635453 1e-05 0
1765574651138 1e-05 3
1765571635453 1e-05 0
1765571635453 1e-05 0
1765571635453 1e-05 0
1765571635453 1e-05 0
1765571635453 1e-05 0
1765571635453 1e-05 0
1765571635453 1e-05 0
1765571635453 1e-05 0
1765574765552 1e-05 4
1765571635453 1e-05 0
1765571635453 1e-05 0
1765571635453 1e-05 0
1765571635453 1e-05 0
1765571635453 1e-05 0
1765571635453 1e-05 0
1765571635453 1e-05 0
1765571635453 1e-05 0
1765571635453 1e-05 0
1765571635453 1e-05 0
1765571635453 1e-05 0
1765571635453 1e-05 0
1765571635453 1e-05 0
1765571635453 1e-05 0
1765571635453 1e-05 0
1765571635453 1e-05 0
1765574892322 1e-05 5
1765571635453 1e-05 0
1765571635453 1e-05 0
1765571635453 1e-05 0
1765571635453 1e-05 0
1765571635453 1e-05 0
1765571635453 1e-05 0
1765571635453 1e-05 0
1765571635453 1e-05 0
1765571635453 1e-05 0
1765571635453 1e-05 0
1765571635453 1e-05 0
1765571635453 1e-05 0
1765571635453 1e-05 0
1765571635453 1e-05 0
1765571635453 1e-05 0
1765571635453 1e-05 0
1765571635453 1e-05 0
1765571635453 1e-05 0
1765571635453 1e-05 0
1765571635453 1e-05 0
1765571635453 1e-05 0
1765571635453 1e-05 0
1765571635453 1e-05 0
1765571635453 1e-05 0
1765571635453 1e-05 0
1765571635453 1e-05 0
1765571635453 1e-05 0
1765571635453 1e-05 0
1765571635453 1e-05 0
1765571635453 1e-05 0
1765571635453 1e-05 0
1765571635453 1e-05 0
1765575019320 1e-05 6
1765575129693 1e-05 7
1765575238494 1e-05 8
1765571635453 1e-05 0
1765571635453 1e-05 0
1765571635453 1e-05 0
1765571635453 1e-05 0
1765571635453 1e-05 0
1765571635453 1e-05 0
1765571635453 1e-05 0
1765571635453 1e-05 0
1765571635453 1e-05 0
1765571635453 1e-05 0
1765571635453 1e-05 0
1765571635453 1e-05 0
1765571635453 1e-05 0
1765571635453 1e-05 0
1765571635453 1e-05 0
1765571635453 1e-05 0
1765571635453 1e-05 0
1765571635453 1e-05 0
1765571635453 1e-05 0
1765571635453 1e-05 0
1765571635453 1e-05 0
1765571635453 1e-05 0
1765571635453 1e-05 0
1765571635453 1e-05 0
1765571635453 1e-05 0
1765571635453 1e-05 0
1765571635453 1e-05 0
1765571635453 1e-05 0
1765571635453 1e-05 0
1765571635453 1e-05 0
1765571635453 1e-05 0
1765571635453 1e-05 0
1765571635453 1e-05 0
1765571635453 1e-05 0
1765571635453 1e-05 0
1765571635453 1e-05 0
1765571635453 1e-05 0
1765571635453 1e-05 0
1765571635453 1e-05 0
1765571635453 1e-05 0
1765571635453 1e-05 0
1765571635453 1e-05 0
1765571635453 1e-05 0
1765571635453 1e-05 0
1765571635453 1e-05 0
1765571635453 1e-05 0
1765571635453 1e-05 0
1765571635453 1e-05 0
1765571635453 1e-05 0
1765571635453 1e-05 0
1765571635453 1e-05 0
1765571635453 1e-05 0
1765571635453 1e-05 0
1765571635453 1e-05 0
1765571635453 1e-05 0
1765571635453 1e-05 0
1765571635453 1e-05 0
1765571635453 1e-05 0
1765571635453 1e-05 0
1765571635453 1e-05 0
1765571635453 1e-05 0
1765571635453 1e-05 0
1765571635453 1e-05 0
1765571635453 1e-05 0
1765575364039 1e-05 9
1765571635453 1e-05 0
1765571635453 1e-05 0
1765571635453 1e-05 0
1765571635453 1e-05 0
1765571635453 1e-05 0
1765571635453 1e-05 0
1765571635453 1e-05 0
1765571635453 1e-05 0
1765571635453 1e-05 0
1765571635453 1e-05 0
1765571635453 1e-05 0
1765571635453 1e-05 0
1765571635453 1e-05 0
1765571635453 1e-05 0
1765571635453 1e-05 0
1765571635453 1e-05 0
1765571635453 1e-05 0
1765571635453 1e-05 0
1765571635453 1e-05 0
1765571635453 1e-05 0
1765571635453 1e-05 0
1765571635453 1e-05 0
1765571635453 1e-05 0
1765571635453 1e-05 0
1765571635453 1e-05 0
1765571635453 1e-05 0
1765571635453 1e-05 0
1765571635453 1e-05 0
1765571635453 1e-05 0
1765571635453 1e-05 0
1765571635453 1e-05 0
1765571635453 1e-05 0
1765571635453 1e-05 0
1765571635453 1e-05 0
1765571635453 1e-05 0
1765571635453 1e-05 0
1765571635453 1e-05 0
1765571635453 1e-05 0
1765571635453 1e-05 0
1765571635453 1e-05 0
1765571635453 1e-05 0
1765571635453 1e-05 0
1765571635453 1e-05 0
1765571635453 1e-05 0
1765571635453 1e-05 0
1765571635453 1e-05 0
1765571635453 1e-05 0
1765571635453 1e-05 0
1765571635453 1e-05 0
1765571635453 1e-05 0
1765571635453 1e-05 0
1765571635453 1e-05 0
1765571635453 1e-05 0
1765571635453 1e-05 0
1765571635453 1e-05 0
1765571635453 1e-05 0
1765571635453 1e-05 0
1765571635453 1e-05 0
1765571635453 1e-05 0
1765571635453 1e-05 0
1765571635453 1e-05 0
1765571635453 1e-05 0
1765571635453 1e-05 0
1765571635453 1e-05 0
1765571635453 1e-05 0
1765571635453 1e-05 0
1765571635453 1e-05 0
1765571635453 1e-05 0
1765571635453 1e-05 0
1765571635453 1e-05 0
1765571635453 1e-05 0
1765571635453 1e-05 0
1765571635453 1e-05 0
1765571635453 1e-05 0
1765571635453 1e-05 0
1765571635453 1e-05 0
1765571635453 1e-05 0
1765571635453 1e-05 0
1765571635453 1e-05 0
1765571635453 1e-05 0
1765571635453 1e-05 0
1765571635453 1e-05 0
1765571635453 1e-05 0
1765571635453 1e-05 0
1765571635453 1e-05 0
1765571635453 1e-05 0
1765571635453 1e-05 0
1765571635453 1e-05 0
1765571635453 1e-05 0
1765571635453 1e-05 0
1765571635453 1e-05 0
1765571635453 1e-05 0
1765571635453 1e-05 0
1765571635453 1e-05 0
1765571635453 1e-05 0
1765571635453 1e-05 0
1765571635453 1e-05 0
1765571635453 1e-05 0
1765571635453 1e-05 0
1765571635453 1e-05 0
1765571635453 1e-05 0
1765571635453 1e-05 0
1765571635453 1e-05 0
1765571635453 1e-05 0
1765571635453 1e-05 0
1765571635453 1e-05 0
1765571635453 1e-05 0
1765571635453 1e-05 0
1765571635453 1e-05 0
1765571635453 1e-05 0
1765571635453 1e-05 0
1765571635453 1e-05 0
1765571635453 1e-05 0
1765571635453 1e-05 0
1765571635453 1e-05 0
1765571635453 1e-05 0
1765571635453 1e-05 0
1765571635453 1e-05 0
1765571635453 1e-05 0
1765571635453 1e-05 0
1765571635453 1e-05 0
1765571635453 1e-05 0
1765571635453 1e-05 0
1765571635453 1e-05 0
1765571635453 1e-05 0
1765571635453 1e-05 0
1765571635453 1e-05 0
1765571635453 1e-05 0
