1765571635453 84.18972332015811 0
1765571635453 84.18972332015811 0
1765571746962 97.76021080368906 1
1765571635453 84.18972332015811 0
1765571635453 84.18972332015811 0
1765574541684 98.15546772068511 2
1765571635453 84.18972332015811 0
1765571635453 84.18972332015811 0
1765571635453 84.18972332015811 0
1765571635453 84.18972332015811 0
1765574651138 99.60474308300395 3
1765571635453 84.18972332015811 0
1765571635453 84.18972332015811 0
1765571635453 84.18972332015811 0
1765571635453 84.18972332015811 0
1765571635453 84.18972332015811 0
1765571635453 84.18972332015811 0
1765571635453 84.18972332015811 0
1765571635453 84.18972332015811 0
1765574765552 99.34123847167325 4
1765571635453 84.18972332015811 0
1765571635453 84.18972332015811 0
1765571635453 84.18972332015811 0
1765571635453 84.18972332015811 0
1765571635453 84.18972332015811 0
1765571635453 84.18972332015811 0
1765571635453 84.18972332015811 0
1765571635453 84.18972332015811 0
1765571635453 84.18972332015811 0
1765571635453 84.18972332015811 0
1765571635453 84.18972332015811 0
1765571635453 84.18972332015811 0
1765571635453 84.18972332015811 0
1765571635453 84.18972332015811 0
1765571635453 84.18972332015811 0
1765571635453 84.18972332015811 0
1765574892322 99.47299077733861 5
1765571635453 84.18972332015811 0
1765571635453 84.18972332015811 0
1765571635453 84.18972332015811 0
1765571635453 84.18972332015811 0
1765571635453 84.18972332015811 0
1765571635453 84.18972332015811 0
1765571635453 84.18972332015811 0
1765571635453 84.18972332015811 0
1765571635453 84.18972332015811 0
1765571635453 84.18972332015811 0
1765571635453 84.18972332015811 0
1765571635453 84.18972332015811 0
1765571635453 84.18972332015811 0
1765571635453 84.18972332015811 0
1765571635453 84.18972332015811 0
1765571635453 84.18972332015811 0
1765571635453 84.18972332015811 0
1765571635453 84.18972332015811 0
1765571635453 84.18972332015811 0
1765571635453 84.18972332015811 0
1765571635453 84.18972332015811 0
1765571635453 84.18972332015811 0
1765571635453 84.18972332015811 0
1765571635453 84.18972332015811 0
1765571635453 84.18972332015811 0
1765571635453 84.18972332015811 0
1765571635453 84.18972332015811 0
1765571635453 84.18972332015811 0
1765571635453 84.18972332015811 0
1765571635453 84.18972332015811 0
1765571635453 84.18972332015811 0
1765571635453 84.18972332015811 0
1765575019320 99.60474308300395 6
1765575129693 99.47299077733861 7
1765575238494 100.0 8
1765571635453 84.18972332015811 0
1765571635453 84.18972332015811 0
1765571635453 84.18972332015811 0
1765571635453 84.18972332015811 0
1765571635453 84.18972332015811 0
1765571635453 84.18972332015811 0
1765571635453 84.18972332015811 0
1765571635453 84.18972332015811 0
1765571635453 84.18972332015811 0
1765571635453 84.18972332015811 0
1765571635453 84.18972332015811 0
1765571635453 84.18972332015811 0
1765571635453 84.18972332015811 0
1765571635453 84.18972332015811 0
1765571635453 84.18972332015811 0
1765571635453 84.18972332015811 0
1765571635453 84.18972332015811 0
1765571635453 84.18972332015811 0
1765571635453 84.18972332015811 0
1765571635453 84.18972332015811 0
1765571635453 84.18972332015811 0
1765571635453 84.18972332015811 0
1765571635453 84.18972332015811 0
1765571635453 84.18972332015811 0
1765571635453 84.18972332015811 0
1765571635453 84.18972332015811 0
1765571635453 84.18972332015811 0
1765571635453 84.18972332015811 0
1765571635453 84.18972332015811 0
1765571635453 84.18972332015811 0
1765571635453 84.18972332015811 0
1765571635453 84.18972332015811 0
1765571635453 84.18972332015811 0
1765571635453 84.18972332015811 0
1765571635453 84.18972332015811 0
1765571635453 84.18972332015811 0
1765571635453 84.18972332015811 0
1765571635453 84.18972332015811 0
1765571635453 84.18972332015811 0
1765571635453 84.18972332015811 0
1765571635453 84.18972332015811 0
1765571635453 84.18972332015811 0
1765571635453 84.18972332015811 0
1765571635453 84.18972332015811 0
1765571635453 84.18972332015811 0
1765571635453 84.18972332015811 0
1765571635453 84.18972332015811 0
1765571635453 84.18972332015811 0
1765571635453 84.18972332015811 0
1765571635453 84.18972332015811 0
1765571635453 84.18972332015811 0
1765571635453 84.18972332015811 0
1765571635453 84.18972332015811 0
1765571635453 84.18972332015811 0
1765571635453 84.18972332015811 0
1765571635453 84.18972332015811 0
1765571635453 84.18972332015811 0
1765571635453 84.18972332015811 0
1765571635453 84.18972332015811 0
1765571635453 84.18972332015811 0
1765571635453 84.18972332015811 0
1765571635453 84.18972332015811 0
1765571635453 84.18972332015811 0
1765571635453 84.18972332015811 0
1765575364039 100.0 9
1765571635453 84.18972332015811 0
1765571635453 84.18972332015811 0
1765571635453 84.18972332015811 0
1765571635453 84.18972332015811 0
1765571635453 84.18972332015811 0
1765571635453 84.18972332015811 0
1765571635453 84.18972332015811 0
1765571635453 84.18972332015811 0
1765571635453 84.18972332015811 0
1765571635453 84.18972332015811 0
1765571635453 84.18972332015811 0
1765571635453 84.18972332015811 0
1765571635453 84.18972332015811 0
1765571635453 84.18972332015811 0
1765571635453 84.18972332015811 0
1765571635453 84.18972332015811 0
1765571635453 84.18972332015811 0
1765571635453 84.18972332015811 0
1765571635453 84.18972332015811 0
1765571635453 84.18972332015811 0
1765571635453 84.18972332015811 0
1765571635453 84.18972332015811 0
1765571635453 84.18972332015811 0
1765571635453 84.18972332015811 0
1765571635453 84.18972332015811 0
1765571635453 84.18972332015811 0
1765571635453 84.18972332015811 0
1765571635453 84.18972332015811 0
1765571635453 84.18972332015811 0
1765571635453 84.18972332015811 0
1765571635453 84.18972332015811 0
1765571635453 84.18972332015811 0
1765571635453 84.18972332015811 0
1765571635453 84.18972332015811 0
1765571635453 84.18972332015811 0
1765571635453 84.18972332015811 0
1765571635453 84.18972332015811 0
1765571635453 84.18972332015811 0
1765571635453 84.18972332015811 0
1765571635453 84.18972332015811 0
1765571635453 84.18972332015811 0
1765571635453 84.18972332015811 0
1765571635453 84.18972332015811 0
1765571635453 84.18972332015811 0
1765571635453 84.18972332015811 0
1765571635453 84.18972332015811 0
1765571635453 84.18972332015811 0
1765571635453 84.18972332015811 0
1765571635453 84.18972332015811 0
1765571635453 84.18972332015811 0
1765571635453 84.18972332015811 0
1765571635453 84.18972332015811 0
1765571635453 84.18972332015811 0
1765571635453 84.18972332015811 0
1765571635453 84.18972332015811 0
1765571635453 84.18972332015811 0
1765571635453 84.18972332015811 0
1765571635453 84.18972332015811 0
1765571635453 84.18972332015811 0
1765571635453 84.18972332015811 0
1765571635453 84.18972332015811 0
1765571635453 84.18972332015811 0
1765571635453 84.18972332015811 0
1765571635453 84.18972332015811 0
1765571635453 84.18972332015811 0
1765571635453 84.18972332015811 0
1765571635453 84.18972332015811 0
1765571635453 84.18972332015811 0
1765571635453 84.18972332015811 0
1765571635453 84.18972332015811 0
1765571635453 84.18972332015811 0
1765571635453 84.18972332015811 0
1765571635453 84.18972332015811 0
1765571635453 84.18972332015811 0
1765571635453 84.18972332015811 0
1765571635453 84.18972332015811 0
1765571635453 84.18972332015811 0
1765571635453 84.18972332015811 0
1765571635453 84.18972332015811 0
1765571635453 84.18972332015811 0
1765571635453 84.18972332015811 0
1765571635453 84.18972332015811 0
1765571635453 84.18972332015811 0
1765571635453 84.18972332015811 0
1765571635453 84.18972332015811 0
1765571635453 84.18972332015811 0
1765571635453 84.18972332015811 0
1765571635453 84.18972332015811 0
1765571635453 84.18972332015811 0
1765571635453 84.18972332015811 0
1765571635453 84.18972332015811 0
1765571635453 84.18972332015811 0
1765571635453 84.18972332015811 0
1765571635453 84.18972332015811 0
1765571635453 84.18972332015811 0
1765571635453 84.18972332015811 0
1765571635453 84.18972332015811 0
1765571635453 84.18972332015811 0
1765571635453 84.18972332015811 0
1765571635453 84.18972332015811 0
1765571635453 84.18972332015811 0
1765571635453 84.18972332015811 0
1765571635453 84.18972332015811 0
1765571635453 84.18972332015811 0
1765571635453 84.18972332015811 0
1765571635453 84.18972332015811 0
1765571635453 84.18972332015811 0
1765571635453 84.18972332015811 0
1765571635453 84.18972332015811 0
1765571635453 84.18972332015811 0
1765571635453 84.18972332015811 0
1765571635453 84.18972332015811 0
1765571635453 84.18972332015811 0
1765571635453 84.18972332015811 0
1765571635453 84.18972332015811 0
1765571635453 84.18972332015811 0
1765571635453 84.18972332015811 0
1765571635453 84.18972332015811 0
1765571635453 84.18972332015811 0
1765571635453 84.18972332015811 0
1765571635453 84.18972332015811 0
1765571635453 84.18972332015811 0
1765571635453 84.18972332015811 0
1765571635453 84.18972332015811 0
1765571635453 84.18972332015811 0
1765571635453 84.18972332015811 0
1765571635453 84.18972332015811 0
1765571635453 84.18972332015811 0
