1765571635453 0.38649888181438047 0
1765571635453 0.38649888181438047 0
1765571746962 0.10451628182393809 1
1765571635453 0.38649888181438047 0
1765571635453 0.38649888181438047 0
1765574541684 0.0803261300122055 2
1765571635453 0.38649888181438047 0
1765571635453 0.38649888181438047 0
1765571635453 0.38649888181438047 0
1765571635453 0.38649888181438047 0
1765574651138 0.04184531113908937 3
1765571635453 0.38649888181438047 0
1765571635453 0.38649888181438047 0
1765571635453 0.38649888181438047 0
1765571635453 0.38649888181438047 0
1765571635453 0.38649888181438047 0
1765571635453 0.38649888181438047 0
1765571635453 0.38649888181438047 0
1765571635453 0.38649888181438047 0
1765574765552 0.038466334653397403 4
1765571635453 0.38649888181438047 0
1765571635453 0.38649888181438047 0
1765571635453 0.38649888181438047 0
1765571635453 0.38649888181438047 0
1765571635453 0.38649888181438047 0
1765571635453 0.38649888181438047 0
1765571635453 0.38649888181438047 0
1765571635453 0.38649888181438047 0
1765571635453 0.38649888181438047 0
1765571635453 0.38649888181438047 0
1765571635453 0.38649888181438047 0
1765571635453 0.38649888181438047 0
1765571635453 0.38649888181438047 0
1765571635453 0.38649888181438047 0
1765571635453 0.38649888181438047 0
1765571635453 0.38649888181438047 0
1765574892322 0.02944290587523331 5
1765571635453 0.38649888181438047 0
1765571635453 0.38649888181438047 0
1765571635453 0.38649888181438047 0
1765571635453 0.38649888181438047 0
1765571635453 0.38649888181438047 0
1765571635453 0.38649888181438047 0
1765571635453 0.38649888181438047 0
1765571635453 0.38649888181438047 0
1765571635453 0.38649888181438047 0
1765571635453 0.38649888181438047 0
1765571635453 0.38649888181438047 0
1765571635453 0.38649888181438047 0
1765571635453 0.38649888181438047 0
1765571635453 0.38649888181438047 0
1765571635453 0.38649888181438047 0
1765571635453 0.38649888181438047 0
1765571635453 0.38649888181438047 0
1765571635453 0.38649888181438047 0
1765571635453 0.38649888181438047 0
1765571635453 0.38649888181438047 0
1765571635453 0.38649888181438047 0
1765571635453 0.38649888181438047 0
1765571635453 0.38649888181438047 0
1765571635453 0.38649888181438047 0
1765571635453 0.38649888181438047 0
1765571635453 0.38649888181438047 0
1765571635453 0.38649888181438047 0
1765571635453 0.38649888181438047 0
1765571635453 0.38649888181438047 0
1765571635453 0.38649888181438047 0
1765571635453 0.38649888181438047 0
1765571635453 0.38649888181438047 0
1765575019320 0.020518332637342002 6
1765575129693 0.018718352429762792 7
1765575238494 0.00876437872890771 8
1765571635453 0.38649888181438047 0
1765571635453 0.38649888181438047 0
1765571635453 0.38649888181438047 0
1765571635453 0.38649888181438047 0
1765571635453 0.38649888181438047 0
1765571635453 0.38649888181438047 0
1765571635453 0.38649888181438047 0
1765571635453 0.38649888181438047 0
1765571635453 0.38649888181438047 0
1765571635453 0.38649888181438047 0
1765571635453 0.38649888181438047 0
1765571635453 0.38649888181438047 0
1765571635453 0.38649888181438047 0
1765571635453 0.38649888181438047 0
1765571635453 0.38649888181438047 0
1765571635453 0.38649888181438047 0
1765571635453 0.38649888181438047 0
1765571635453 0.38649888181438047 0
1765571635453 0.38649888181438047 0
1765571635453 0.38649888181438047 0
1765571635453 0.38649888181438047 0
1765571635453 0.38649888181438047 0
1765571635453 0.38649888181438047 0
1765571635453 0.38649888181438047 0
1765571635453 0.38649888181438047 0
1765571635453 0.38649888181438047 0
1765571635453 0.38649888181438047 0
1765571635453 0.38649888181438047 0
1765571635453 0.38649888181438047 0
1765571635453 0.38649888181438047 0
1765571635453 0.38649888181438047 0
1765571635453 0.38649888181438047 0
1765571635453 0.38649888181438047 0
1765571635453 0.38649888181438047 0
1765571635453 0.38649888181438047 0
1765571635453 0.38649888181438047 0
1765571635453 0.38649888181438047 0
1765571635453 0.38649888181438047 0
1765571635453 0.38649888181438047 0
1765571635453 0.38649888181438047 0
1765571635453 0.38649888181438047 0
1765571635453 0.38649888181438047 0
1765571635453 0.38649888181438047 0
1765571635453 0.38649888181438047 0
1765571635453 0.38649888181438047 0
1765571635453 0.38649888181438047 0
1765571635453 0.38649888181438047 0
1765571635453 0.38649888181438047 0
1765571635453 0.38649888181438047 0
1765571635453 0.38649888181438047 0
1765571635453 0.38649888181438047 0
1765571635453 0.38649888181438047 0
1765571635453 0.38649888181438047 0
1765571635453 0.38649888181438047 0
1765571635453 0.38649888181438047 0
1765571635453 0.38649888181438047 0
1765571635453 0.38649888181438047 0
1765571635453 0.38649888181438047 0
1765571635453 0.38649888181438047 0
1765571635453 0.38649888181438047 0
1765571635453 0.38649888181438047 0
1765571635453 0.38649888181438047 0
1765571635453 0.38649888181438047 0
1765571635453 0.38649888181438047 0
1765575364039 0.009710230976149129 9
1765571635453 0.38649888181438047 0
1765571635453 0.38649888181438047 0
1765571635453 0.38649888181438047 0
1765571635453 0.38649888181438047 0
1765571635453 0.38649888181438047 0
1765571635453 0.38649888181438047 0
1765571635453 0.38649888181438047 0
1765571635453 0.38649888181438047 0
1765571635453 0.38649888181438047 0
1765571635453 0.38649888181438047 0
1765571635453 0.38649888181438047 0
1765571635453 0.38649888181438047 0
1765571635453 0.38649888181438047 0
1765571635453 0.38649888181438047 0
1765571635453 0.38649888181438047 0
1765571635453 0.38649888181438047 0
1765571635453 0.38649888181438047 0
1765571635453 0.38649888181438047 0
1765571635453 0.38649888181438047 0
1765571635453 0.38649888181438047 0
1765571635453 0.38649888181438047 0
1765571635453 0.38649888181438047 0
1765571635453 0.38649888181438047 0
1765571635453 0.38649888181438047 0
1765571635453 0.38649888181438047 0
1765571635453 0.38649888181438047 0
1765571635453 0.38649888181438047 0
1765571635453 0.38649888181438047 0
1765571635453 0.38649888181438047 0
1765571635453 0.38649888181438047 0
1765571635453 0.38649888181438047 0
1765571635453 0.38649888181438047 0
1765571635453 0.38649888181438047 0
1765571635453 0.38649888181438047 0
1765571635453 0.38649888181438047 0
1765571635453 0.38649888181438047 0
1765571635453 0.38649888181438047 0
1765571635453 0.38649888181438047 0
1765571635453 0.38649888181438047 0
1765571635453 0.38649888181438047 0
1765571635453 0.38649888181438047 0
1765571635453 0.38649888181438047 0
1765571635453 0.38649888181438047 0
1765571635453 0.38649888181438047 0
1765571635453 0.38649888181438047 0
1765571635453 0.38649888181438047 0
1765571635453 0.38649888181438047 0
1765571635453 0.38649888181438047 0
1765571635453 0.38649888181438047 0
1765571635453 0.38649888181438047 0
1765571635453 0.38649888181438047 0
1765571635453 0.38649888181438047 0
1765571635453 0.38649888181438047 0
1765571635453 0.38649888181438047 0
1765571635453 0.38649888181438047 0
1765571635453 0.38649888181438047 0
1765571635453 0.38649888181438047 0
1765571635453 0.38649888181438047 0
1765571635453 0.38649888181438047 0
1765571635453 0.38649888181438047 0
1765571635453 0.38649888181438047 0
1765571635453 0.38649888181438047 0
1765571635453 0.38649888181438047 0
1765571635453 0.38649888181438047 0
1765571635453 0.38649888181438047 0
1765571635453 0.38649888181438047 0
1765571635453 0.38649888181438047 0
1765571635453 0.38649888181438047 0
1765571635453 0.38649888181438047 0
1765571635453 0.38649888181438047 0
1765571635453 0.38649888181438047 0
1765571635453 0.38649888181438047 0
1765571635453 0.38649888181438047 0
1765571635453 0.38649888181438047 0
1765571635453 0.38649888181438047 0
1765571635453 0.38649888181438047 0
1765571635453 0.38649888181438047 0
1765571635453 0.38649888181438047 0
1765571635453 0.38649888181438047 0
1765571635453 0.38649888181438047 0
1765571635453 0.38649888181438047 0
1765571635453 0.38649888181438047 0
1765571635453 0.38649888181438047 0
1765571635453 0.38649888181438047 0
1765571635453 0.38649888181438047 0
1765571635453 0.38649888181438047 0
1765571635453 0.38649888181438047 0
1765571635453 0.38649888181438047 0
1765571635453 0.38649888181438047 0
1765571635453 0.38649888181438047 0
1765571635453 0.38649888181438047 0
1765571635453 0.38649888181438047 0
1765571635453 0.38649888181438047 0
1765571635453 0.38649888181438047 0
1765571635453 0.38649888181438047 0
1765571635453 0.38649888181438047 0
1765571635453 0.38649888181438047 0
1765571635453 0.38649888181438047 0
1765571635453 0.38649888181438047 0
1765571635453 0.38649888181438047 0
1765571635453 0.38649888181438047 0
1765571635453 0.38649888181438047 0
1765571635453 0.38649888181438047 0
1765571635453 0.38649888181438047 0
1765571635453 0.38649888181438047 0
1765571635453 0.38649888181438047 0
1765571635453 0.38649888181438047 0
1765571635453 0.38649888181438047 0
1765571635453 0.38649888181438047 0
1765571635453 0.38649888181438047 0
1765571635453 0.38649888181438047 0
1765571635453 0.38649888181438047 0
1765571635453 0.38649888181438047 0
1765571635453 0.38649888181438047 0
1765571635453 0.38649888181438047 0
1765571635453 0.38649888181438047 0
1765571635453 0.38649888181438047 0
1765571635453 0.38649888181438047 0
1765571635453 0.38649888181438047 0
1765571635453 0.38649888181438047 0
1765571635453 0.38649888181438047 0
1765571635453 0.38649888181438047 0
1765571635453 0.38649888181438047 0
1765571635453 0.38649888181438047 0
1765571635453 0.38649888181438047 0
1765571635453 0.38649888181438047 0
1765571635453 0.38649888181438047 0
1765571635453 0.38649888181438047 0
