1765571649678 1.0 0 95753a2d029a41b5b17618b2a2082c36
1765571649678 1.0 0 95753a2d029a41b5b17618b2a2082c36
1765571761400 2.0 0 95753a2d029a41b5b17618b2a2082c36
1765571649678 1.0 0 95753a2d029a41b5b17618b2a2082c36
1765571649678 1.0 0 95753a2d029a41b5b17618b2a2082c36
1765571761400 2.0 0 95753a2d029a41b5b17618b2a2082c36
1765574555426 3.0 0 95753a2d029a41b5b17618b2a2082c36
1765571649678 1.0 0 95753a2d029a41b5b17618b2a2082c36
1765571649678 1.0 0 95753a2d029a41b5b17618b2a2082c36
1765571761400 2.0 0 95753a2d029a41b5b17618b2a2082c36
1765571649678 1.0 0 95753a2d029a41b5b17618b2a2082c36
1765571649678 1.0 0 95753a2d029a41b5b17618b2a2082c36
1765571761400 2.0 0 95753a2d029a41b5b17618b2a2082c36
1765574555426 3.0 0 95753a2d029a41b5b17618b2a2082c36
1765574665709 4.0 0 95753a2d029a41b5b17618b2a2082c36
