1765570505420 1.0 0 265fd86b1fa849cf980caa8109ee8813
1765570505420 1.0 0 265fd86b1fa849cf980caa8109ee8813
1765570626902 2.0 0 265fd86b1fa849cf980caa8109ee8813
1765570505420 1.0 0 265fd86b1fa849cf980caa8109ee8813
1765570505420 1.0 0 265fd86b1fa849cf980caa8109ee8813
1765570626902 2.0 0 265fd86b1fa849cf980caa8109ee8813
1765570749076 3.0 0 265fd86b1fa849cf980caa8109ee8813
1765570505420 1.0 0 265fd86b1fa849cf980caa8109ee8813
1765570505420 1.0 0 265fd86b1fa849cf980caa8109ee8813
1765570626902 2.0 0 265fd86b1fa849cf980caa8109ee8813
1765570505420 1.0 0 265fd86b1fa849cf980caa8109ee8813
1765570505420 1.0 0 265fd86b1fa849cf980caa8109ee8813
1765570626902 2.0 0 265fd86b1fa849cf980caa8109ee8813
1765570749076 3.0 0 265fd86b1fa849cf980caa8109ee8813
1765570872579 4.0 0 265fd86b1fa849cf980caa8109ee8813
1765570505420 1.0 0 265fd86b1fa849cf980caa8109ee8813
1765570505420 1.0 0 265fd86b1fa849cf980caa8109ee8813
1765570626902 2.0 0 265fd86b1fa849cf980caa8109ee8813
1765570505420 1.0 0 265fd86b1fa849cf980caa8109ee8813
1765570505420 1.0 0 265fd86b1fa849cf980caa8109ee8813
1765570626902 2.0 0 265fd86b1fa849cf980caa8109ee8813
1765570749076 3.0 0 265fd86b1fa849cf980caa8109ee8813
1765570505420 1.0 0 265fd86b1fa849cf980caa8109ee8813
1765570505420 1.0 0 265fd86b1fa849cf980caa8109ee8813
1765570626902 2.0 0 265fd86b1fa849cf980caa8109ee8813
1765570505420 1.0 0 265fd86b1fa849cf980caa8109ee8813
1765570505420 1.0 0 265fd86b1fa849cf980caa8109ee8813
1765570626902 2.0 0 265fd86b1fa849cf980caa8109ee8813
1765570749076 3.0 0 265fd86b1fa849cf980caa8109ee8813
1765570872579 4.0 0 265fd86b1fa849cf980caa8109ee8813
1765571012247 5.0 0 265fd86b1fa849cf980caa8109ee8813
1765570505420 1.0 0 265fd86b1fa849cf980caa8109ee8813
1765570505420 1.0 0 265fd86b1fa849cf980caa8109ee8813
1765570626902 2.0 0 265fd86b1fa849cf980caa8109ee8813
1765570505420 1.0 0 265fd86b1fa849cf980caa8109ee8813
1765570505420 1.0 0 265fd86b1fa849cf980caa8109ee8813
1765570626902 2.0 0 265fd86b1fa849cf980caa8109ee8813
1765570749076 3.0 0 265fd86b1fa849cf980caa8109ee8813
1765570505420 1.0 0 265fd86b1fa849cf980caa8109ee8813
1765570505420 1.0 0 265fd86b1fa849cf980caa8109ee8813
1765570626902 2.0 0 265fd86b1fa849cf980caa8109ee8813
1765570505420 1.0 0 265fd86b1fa849cf980caa8109ee8813
1765570505420 1.0 0 265fd86b1fa849cf980caa8109ee8813
1765570626902 2.0 0 265fd86b1fa849cf980caa8109ee8813
1765570749076 3.0 0 265fd86b1fa849cf980caa8109ee8813
1765570872579 4.0 0 265fd86b1fa849cf980caa8109ee8813
1765570505420 1.0 0 265fd86b1fa849cf980caa8109ee8813
1765570505420 1.0 0 265fd86b1fa849cf980caa8109ee8813
1765570626902 2.0 0 265fd86b1fa849cf980caa8109ee8813
1765570505420 1.0 0 265fd86b1fa849cf980caa8109ee8813
1765570505420 1.0 0 265fd86b1fa849cf980caa8109ee8813
1765570626902 2.0 0 265fd86b1fa849cf980caa8109ee8813
1765570749076 3.0 0 265fd86b1fa849cf980caa8109ee8813
1765570505420 1.0 0 265fd86b1fa849cf980caa8109ee8813
1765570505420 1.0 0 265fd86b1fa849cf980caa8109ee8813
1765570626902 2.0 0 265fd86b1fa849cf980caa8109ee8813
1765570505420 1.0 0 265fd86b1fa849cf980caa8109ee8813
1765570505420 1.0 0 265fd86b1fa849cf980caa8109ee8813
1765570626902 2.0 0 265fd86b1fa849cf980caa8109ee8813
1765570749076 3.0 0 265fd86b1fa849cf980caa8109ee8813
1765570872579 4.0 0 265fd86b1fa849cf980caa8109ee8813
1765571012247 5.0 0 265fd86b1fa849cf980caa8109ee8813
1765571135622 6.0 0 265fd86b1fa849cf980caa8109ee8813
