1765570484130 0.30083228057871264 0 265fd86b1fa849cf980caa8109ee8813
1765570484130 0.30083228057871264 0 265fd86b1fa849cf980caa8109ee8813
1765570484130 0.30083228057871264 0 265fd86b1fa849cf980caa8109ee8813
1765570484130 0.30083228057871264 0 265fd86b1fa849cf980caa8109ee8813
1765570484130 0.30083228057871264 0 265fd86b1fa849cf980caa8109ee8813
1765570484130 0.30083228057871264 0 265fd86b1fa849cf980caa8109ee8813
1765570484130 0.30083228057871264 0 265fd86b1fa849cf980caa8109ee8813
1765570484130 0.30083228057871264 0 265fd86b1fa849cf980caa8109ee8813
1765570484130 0.30083228057871264 0 265fd86b1fa849cf980caa8109ee8813
1765570484130 0.30083228057871264 0 265fd86b1fa849cf980caa8109ee8813
1765570484130 0.30083228057871264 0 265fd86b1fa849cf980caa8109ee8813
1765570484130 0.30083228057871264 0 265fd86b1fa849cf980caa8109ee8813
1765570484130 0.30083228057871264 0 265fd86b1fa849cf980caa8109ee8813
1765570484130 0.30083228057871264 0 265fd86b1fa849cf980caa8109ee8813
1765570484130 0.30083228057871264 0 265fd86b1fa849cf980caa8109ee8813
1765570484130 0.30083228057871264 0 265fd86b1fa849cf980caa8109ee8813
1765570484130 0.30083228057871264 0 265fd86b1fa849cf980caa8109ee8813
1765570484130 0.30083228057871264 0 265fd86b1fa849cf980caa8109ee8813
1765570484130 0.30083228057871264 0 265fd86b1fa849cf980caa8109ee8813
1765570484130 0.30083228057871264 0 265fd86b1fa849cf980caa8109ee8813
1765570484130 0.30083228057871264 0 265fd86b1fa849cf980caa8109ee8813
1765570484130 0.30083228057871264 0 265fd86b1fa849cf980caa8109ee8813
1765570484130 0.30083228057871264 0 265fd86b1fa849cf980caa8109ee8813
1765570484130 0.30083228057871264 0 265fd86b1fa849cf980caa8109ee8813
1765570484130 0.30083228057871264 0 265fd86b1fa849cf980caa8109ee8813
1765570484130 0.30083228057871264 0 265fd86b1fa849cf980caa8109ee8813
1765570484130 0.30083228057871264 0 265fd86b1fa849cf980caa8109ee8813
1765570484130 0.30083228057871264 0 265fd86b1fa849cf980caa8109ee8813
1765570484130 0.30083228057871264 0 265fd86b1fa849cf980caa8109ee8813
1765570484130 0.30083228057871264 0 265fd86b1fa849cf980caa8109ee8813
1765570484130 0.30083228057871264 0 265fd86b1fa849cf980caa8109ee8813
1765570484130 0.30083228057871264 0 265fd86b1fa849cf980caa8109ee8813
1765570484130 0.30083228057871264 0 265fd86b1fa849cf980caa8109ee8813
1765570484130 0.30083228057871264 0 265fd86b1fa849cf980caa8109ee8813
1765570484130 0.30083228057871264 0 265fd86b1fa849cf980caa8109ee8813
1765570484130 0.30083228057871264 0 265fd86b1fa849cf980caa8109ee8813
1765570484130 0.30083228057871264 0 265fd86b1fa849cf980caa8109ee8813
1765570484130 0.30083228057871264 0 265fd86b1fa849cf980caa8109ee8813
1765570484130 0.30083228057871264 0 265fd86b1fa849cf980caa8109ee8813
1765570484130 0.30083228057871264 0 265fd86b1fa849cf980caa8109ee8813
1765570484130 0.30083228057871264 0 265fd86b1fa849cf980caa8109ee8813
1765570484130 0.30083228057871264 0 265fd86b1fa849cf980caa8109ee8813
1765570484130 0.30083228057871264 0 265fd86b1fa849cf980caa8109ee8813
1765570484130 0.30083228057871264 0 265fd86b1fa849cf980caa8109ee8813
1765570484130 0.30083228057871264 0 265fd86b1fa849cf980caa8109ee8813
1765570484130 0.30083228057871264 0 265fd86b1fa849cf980caa8109ee8813
1765570484130 0.30083228057871264 0 265fd86b1fa849cf980caa8109ee8813
1765570484130 0.30083228057871264 0 265fd86b1fa849cf980caa8109ee8813
1765570484130 0.30083228057871264 0 265fd86b1fa849cf980caa8109ee8813
1765570484130 0.30083228057871264 0 265fd86b1fa849cf980caa8109ee8813
1765570484130 0.30083228057871264 0 265fd86b1fa849cf980caa8109ee8813
1765570484130 0.30083228057871264 0 265fd86b1fa849cf980caa8109ee8813
1765570484130 0.30083228057871264 0 265fd86b1fa849cf980caa8109ee8813
1765570484130 0.30083228057871264 0 265fd86b1fa849cf980caa8109ee8813
1765570484130 0.30083228057871264 0 265fd86b1fa849cf980caa8109ee8813
1765570484130 0.30083228057871264 0 265fd86b1fa849cf980caa8109ee8813
1765570484130 0.30083228057871264 0 265fd86b1fa849cf980caa8109ee8813
1765570484130 0.30083228057871264 0 265fd86b1fa849cf980caa8109ee8813
1765570484130 0.30083228057871264 0 265fd86b1fa849cf980caa8109ee8813
1765570484130 0.30083228057871264 0 265fd86b1fa849cf980caa8109ee8813
1765570484130 0.30083228057871264 0 265fd86b1fa849cf980caa8109ee8813
1765570484130 0.30083228057871264 0 265fd86b1fa849cf980caa8109ee8813
1765570484130 0.30083228057871264 0 265fd86b1fa849cf980caa8109ee8813
1765570484130 0.30083228057871264 0 265fd86b1fa849cf980caa8109ee8813
