1765576793000 1.0 0
1765576793000 1.0 0
1765576889160 2.0 0
1765576793000 1.0 0
1765576793000 1.0 0
1765576889160 2.0 0
1765576987173 3.0 0
1765576793000 1.0 0
1765576793000 1.0 0
1765576889160 2.0 0
1765576793000 1.0 0
1765576793000 1.0 0
1765576889160 2.0 0
1765576987173 3.0 0
1765577093769 4.0 0
1765576793000 1.0 0
1765576793000 1.0 0
1765576889160 2.0 0
1765576793000 1.0 0
1765576793000 1.0 0
1765576889160 2.0 0
1765576987173 3.0 0
1765576793000 1.0 0
1765576793000 1.0 0
1765576889160 2.0 0
1765576793000 1.0 0
1765576793000 1.0 0
1765576889160 2.0 0
1765576987173 3.0 0
1765577093769 4.0 0
1765577224985 5.0 0
