1765576776262 1e-05 0
1765576776262 1e-05 0
1765576871490 1e-05 1
1765576776262 1e-05 0
1765576776262 1e-05 0
1765576970582 1e-05 2
1765576776262 1e-05 0
1765576776262 1e-05 0
1765576776262 1e-05 0
1765576776262 1e-05 0
1765577076325 1e-05 3
1765576776262 1e-05 0
1765576776262 1e-05 0
1765576776262 1e-05 0
1765576776262 1e-05 0
1765576776262 1e-05 0
1765576776262 1e-05 0
1765576776262 1e-05 0
1765576776262 1e-05 0
1765577205162 1e-05 4
1765576776262 1e-05 0
1765576776262 1e-05 0
1765576776262 1e-05 0
1765576776262 1e-05 0
1765576776262 1e-05 0
1765576776262 1e-05 0
1765576776262 1e-05 0
1765576776262 1e-05 0
1765576776262 1e-05 0
1765576776262 1e-05 0
1765576776262 1e-05 0
1765576776262 1e-05 0
1765576776262 1e-05 0
1765576776262 1e-05 0
1765576776262 1e-05 0
1765576776262 1e-05 0
