1765576776262 0.3956843713919322 0
1765576776262 0.3956843713919322 0
1765576871490 0.12732891937096913 1
1765576776262 0.3956843713919322 0
1765576776262 0.3956843713919322 0
1765576970582 0.08881169861803452 2
1765576776262 0.3956843713919322 0
1765576776262 0.3956843713919322 0
1765576776262 0.3956843713919322 0
1765576776262 0.3956843713919322 0
1765577076325 0.07685001095136007 3
1765576776262 0.3956843713919322 0
1765576776262 0.3956843713919322 0
1765576776262 0.3956843713919322 0
1765576776262 0.3956843713919322 0
1765576776262 0.3956843713919322 0
1765576776262 0.3956843713919322 0
1765576776262 0.3956843713919322 0
1765576776262 0.3956843713919322 0
1765577205162 0.04260115331659715 4
1765576776262 0.3956843713919322 0
1765576776262 0.3956843713919322 0
1765576776262 0.3956843713919322 0
1765576776262 0.3956843713919322 0
1765576776262 0.3956843713919322 0
1765576776262 0.3956843713919322 0
1765576776262 0.3956843713919322 0
1765576776262 0.3956843713919322 0
1765576776262 0.3956843713919322 0
1765576776262 0.3956843713919322 0
1765576776262 0.3956843713919322 0
1765576776262 0.3956843713919322 0
1765576776262 0.3956843713919322 0
1765576776262 0.3956843713919322 0
1765576776262 0.3956843713919322 0
1765576776262 0.3956843713919322 0
