1765576776262 84.21052631578948 0
1765576776262 84.21052631578948 0
1765576871490 97.47368421052632 1
1765576776262 84.21052631578948 0
1765576776262 84.21052631578948 0
1765576970582 98.94736842105263 2
1765576776262 84.21052631578948 0
1765576776262 84.21052631578948 0
1765576776262 84.21052631578948 0
1765576776262 84.21052631578948 0
1765577076325 98.10526315789474 3
1765576776262 84.21052631578948 0
1765576776262 84.21052631578948 0
1765576776262 84.21052631578948 0
1765576776262 84.21052631578948 0
1765576776262 84.21052631578948 0
1765576776262 84.21052631578948 0
1765576776262 84.21052631578948 0
1765576776262 84.21052631578948 0
1765577205162 99.36842105263158 4
1765576776262 84.21052631578948 0
1765576776262 84.21052631578948 0
1765576776262 84.21052631578948 0
1765576776262 84.21052631578948 0
1765576776262 84.21052631578948 0
1765576776262 84.21052631578948 0
1765576776262 84.21052631578948 0
1765576776262 84.21052631578948 0
1765576776262 84.21052631578948 0
1765576776262 84.21052631578948 0
1765576776262 84.21052631578948 0
1765576776262 84.21052631578948 0
1765576776262 84.21052631578948 0
1765576776262 84.21052631578948 0
1765576776262 84.21052631578948 0
1765576776262 84.21052631578948 0
