1765570505420 1.0 0
1765570505420 1.0 0
1765570626902 2.0 0
1765570505420 1.0 0
1765570505420 1.0 0
1765570626902 2.0 0
1765570749076 3.0 0
1765570505420 1.0 0
1765570505420 1.0 0
1765570626902 2.0 0
1765570505420 1.0 0
1765570505420 1.0 0
1765570626902 2.0 0
1765570749076 3.0 0
1765570872579 4.0 0
1765570505420 1.0 0
1765570505420 1.0 0
1765570626902 2.0 0
1765570505420 1.0 0
1765570505420 1.0 0
1765570626902 2.0 0
1765570749076 3.0 0
1765570505420 1.0 0
1765570505420 1.0 0
1765570626902 2.0 0
1765570505420 1.0 0
1765570505420 1.0 0
1765570626902 2.0 0
1765570749076 3.0 0
1765570872579 4.0 0
1765571012247 5.0 0
1765570505420 1.0 0
1765570505420 1.0 0
1765570626902 2.0 0
1765570505420 1.0 0
1765570505420 1.0 0
1765570626902 2.0 0
1765570749076 3.0 0
1765570505420 1.0 0
1765570505420 1.0 0
1765570626902 2.0 0
1765570505420 1.0 0
1765570505420 1.0 0
1765570626902 2.0 0
1765570749076 3.0 0
1765570872579 4.0 0
1765570505420 1.0 0
1765570505420 1.0 0
1765570626902 2.0 0
1765570505420 1.0 0
1765570505420 1.0 0
1765570626902 2.0 0
1765570749076 3.0 0
1765570505420 1.0 0
1765570505420 1.0 0
1765570626902 2.0 0
1765570505420 1.0 0
1765570505420 1.0 0
1765570626902 2.0 0
1765570749076 3.0 0
1765570872579 4.0 0
1765571012247 5.0 0
1765571135622 6.0 0
1765570505420 1.0 0
1765570505420 1.0 0
1765570626902 2.0 0
1765570505420 1.0 0
1765570505420 1.0 0
1765570626902 2.0 0
1765570749076 3.0 0
1765570505420 1.0 0
1765570505420 1.0 0
1765570626902 2.0 0
1765570505420 1.0 0
1765570505420 1.0 0
1765570626902 2.0 0
1765570749076 3.0 0
1765570872579 4.0 0
1765570505420 1.0 0
1765570505420 1.0 0
1765570626902 2.0 0
1765570505420 1.0 0
1765570505420 1.0 0
1765570626902 2.0 0
1765570749076 3.0 0
1765570505420 1.0 0
1765570505420 1.0 0
1765570626902 2.0 0
1765570505420 1.0 0
1765570505420 1.0 0
1765570626902 2.0 0
1765570749076 3.0 0
1765570872579 4.0 0
1765571012247 5.0 0
1765570505420 1.0 0
1765570505420 1.0 0
1765570626902 2.0 0
1765570505420 1.0 0
1765570505420 1.0 0
1765570626902 2.0 0
1765570749076 3.0 0
1765570505420 1.0 0
1765570505420 1.0 0
1765570626902 2.0 0
1765570505420 1.0 0
1765570505420 1.0 0
1765570626902 2.0 0
1765570749076 3.0 0
1765570872579 4.0 0
1765570505420 1.0 0
1765570505420 1.0 0
1765570626902 2.0 0
1765570505420 1.0 0
1765570505420 1.0 0
1765570626902 2.0 0
1765570749076 3.0 0
1765570505420 1.0 0
1765570505420 1.0 0
1765570626902 2.0 0
1765570505420 1.0 0
1765570505420 1.0 0
1765570626902 2.0 0
1765570749076 3.0 0
1765570872579 4.0 0
1765571012247 5.0 0
1765571135622 6.0 0
1765571329076 8.0 0
1765570505420 1.0 0
1765570505420 1.0 0
1765570626902 2.0 0
1765570505420 1.0 0
1765570505420 1.0 0
1765570626902 2.0 0
1765570749076 3.0 0
1765570505420 1.0 0
1765570505420 1.0 0
1765570626902 2.0 0
1765570505420 1.0 0
1765570505420 1.0 0
1765570626902 2.0 0
1765570749076 3.0 0
1765570872579 4.0 0
1765570505420 1.0 0
1765570505420 1.0 0
1765570626902 2.0 0
1765570505420 1.0 0
1765570505420 1.0 0
1765570626902 2.0 0
1765570749076 3.0 0
1765570505420 1.0 0
1765570505420 1.0 0
1765570626902 2.0 0
1765570505420 1.0 0
1765570505420 1.0 0
1765570626902 2.0 0
1765570749076 3.0 0
1765570872579 4.0 0
1765571012247 5.0 0
1765570505420 1.0 0
1765570505420 1.0 0
1765570626902 2.0 0
1765570505420 1.0 0
1765570505420 1.0 0
1765570626902 2.0 0
1765570749076 3.0 0
1765570505420 1.0 0
1765570505420 1.0 0
1765570626902 2.0 0
1765570505420 1.0 0
1765570505420 1.0 0
1765570626902 2.0 0
1765570749076 3.0 0
1765570872579 4.0 0
1765570505420 1.0 0
1765570505420 1.0 0
1765570626902 2.0 0
1765570505420 1.0 0
1765570505420 1.0 0
1765570626902 2.0 0
1765570749076 3.0 0
1765570505420 1.0 0
1765570505420 1.0 0
1765570626902 2.0 0
1765570505420 1.0 0
1765570505420 1.0 0
1765570626902 2.0 0
1765570749076 3.0 0
1765570872579 4.0 0
1765571012247 5.0 0
1765571135622 6.0 0
1765570505420 1.0 0
1765570505420 1.0 0
1765570626902 2.0 0
1765570505420 1.0 0
1765570505420 1.0 0
1765570626902 2.0 0
1765570749076 3.0 0
1765570505420 1.0 0
1765570505420 1.0 0
1765570626902 2.0 0
1765570505420 1.0 0
1765570505420 1.0 0
1765570626902 2.0 0
1765570749076 3.0 0
1765570872579 4.0 0
1765570505420 1.0 0
1765570505420 1.0 0
1765570626902 2.0 0
1765570505420 1.0 0
1765570505420 1.0 0
1765570626902 2.0 0
1765570749076 3.0 0
1765570505420 1.0 0
1765570505420 1.0 0
1765570626902 2.0 0
1765570505420 1.0 0
1765570505420 1.0 0
1765570626902 2.0 0
1765570749076 3.0 0
1765570872579 4.0 0
1765571012247 5.0 0
1765570505420 1.0 0
1765570505420 1.0 0
1765570626902 2.0 0
1765570505420 1.0 0
1765570505420 1.0 0
1765570626902 2.0 0
1765570749076 3.0 0
1765570505420 1.0 0
1765570505420 1.0 0
1765570626902 2.0 0
1765570505420 1.0 0
1765570505420 1.0 0
1765570626902 2.0 0
1765570749076 3.0 0
1765570872579 4.0 0
1765570505420 1.0 0
1765570505420 1.0 0
1765570626902 2.0 0
1765570505420 1.0 0
1765570505420 1.0 0
1765570626902 2.0 0
1765570749076 3.0 0
1765570505420 1.0 0
1765570505420 1.0 0
1765570626902 2.0 0
1765570505420 1.0 0
1765570505420 1.0 0
1765570626902 2.0 0
1765570749076 3.0 0
1765570872579 4.0 0
1765571012247 5.0 0
1765571135622 6.0 0
1765571329076 8.0 0
1765571439764 9.0 0
