1765570484130 1e-05 0
1765570484130 1e-05 0
1765570604868 1e-05 1
1765570484130 1e-05 0
1765570484130 1e-05 0
1765570727745 1e-05 2
1765570484130 1e-05 0
1765570484130 1e-05 0
1765570484130 1e-05 0
1765570484130 1e-05 0
1765570849688 1e-05 3
1765570484130 1e-05 0
1765570484130 1e-05 0
1765570484130 1e-05 0
1765570484130 1e-05 0
1765570484130 1e-05 0
1765570484130 1e-05 0
1765570484130 1e-05 0
1765570484130 1e-05 0
1765570989759 1e-05 4
1765570484130 1e-05 0
1765570484130 1e-05 0
1765570484130 1e-05 0
1765570484130 1e-05 0
1765570484130 1e-05 0
1765570484130 1e-05 0
1765570484130 1e-05 0
1765570484130 1e-05 0
1765570484130 1e-05 0
1765570484130 1e-05 0
1765570484130 1e-05 0
1765570484130 1e-05 0
1765570484130 1e-05 0
1765570484130 1e-05 0
1765570484130 1e-05 0
1765570484130 1e-05 0
1765571113281 1e-05 5
1765570484130 1e-05 0
1765570484130 1e-05 0
1765570484130 1e-05 0
1765570484130 1e-05 0
1765570484130 1e-05 0
1765570484130 1e-05 0
1765570484130 1e-05 0
1765570484130 1e-05 0
1765570484130 1e-05 0
1765570484130 1e-05 0
1765570484130 1e-05 0
1765570484130 1e-05 0
1765570484130 1e-05 0
1765570484130 1e-05 0
1765570484130 1e-05 0
1765570484130 1e-05 0
1765570484130 1e-05 0
1765570484130 1e-05 0
1765570484130 1e-05 0
1765570484130 1e-05 0
1765570484130 1e-05 0
1765570484130 1e-05 0
1765570484130 1e-05 0
1765570484130 1e-05 0
1765570484130 1e-05 0
1765570484130 1e-05 0
1765570484130 1e-05 0
1765570484130 1e-05 0
1765570484130 1e-05 0
1765570484130 1e-05 0
1765570484130 1e-05 0
1765570484130 1e-05 0
1765571230200 1e-05 6
1765571314230 1e-05 7
1765570484130 1e-05 0
1765570484130 1e-05 0
1765570484130 1e-05 0
1765570484130 1e-05 0
1765570484130 1e-05 0
1765570484130 1e-05 0
1765570484130 1e-05 0
1765570484130 1e-05 0
1765570484130 1e-05 0
1765570484130 1e-05 0
1765570484130 1e-05 0
1765570484130 1e-05 0
1765570484130 1e-05 0
1765570484130 1e-05 0
1765570484130 1e-05 0
1765570484130 1e-05 0
1765570484130 1e-05 0
1765570484130 1e-05 0
1765570484130 1e-05 0
1765570484130 1e-05 0
1765570484130 1e-05 0
1765570484130 1e-05 0
1765570484130 1e-05 0
1765570484130 1e-05 0
1765570484130 1e-05 0
1765570484130 1e-05 0
1765570484130 1e-05 0
1765570484130 1e-05 0
1765570484130 1e-05 0
1765570484130 1e-05 0
1765570484130 1e-05 0
1765570484130 1e-05 0
1765570484130 1e-05 0
1765570484130 1e-05 0
1765570484130 1e-05 0
1765570484130 1e-05 0
1765570484130 1e-05 0
1765570484130 1e-05 0
1765570484130 1e-05 0
1765570484130 1e-05 0
1765570484130 1e-05 0
1765570484130 1e-05 0
1765570484130 1e-05 0
1765570484130 1e-05 0
1765570484130 1e-05 0
1765570484130 1e-05 0
1765570484130 1e-05 0
1765570484130 1e-05 0
1765570484130 1e-05 0
1765570484130 1e-05 0
1765570484130 1e-05 0
1765570484130 1e-05 0
1765570484130 1e-05 0
1765570484130 1e-05 0
1765570484130 1e-05 0
1765570484130 1e-05 0
1765570484130 1e-05 0
1765570484130 1e-05 0
1765570484130 1e-05 0
1765570484130 1e-05 0
1765570484130 1e-05 0
1765570484130 1e-05 0
1765570484130 1e-05 0
1765570484130 1e-05 0
1765571423748 1e-05 8
1765570484130 1e-05 0
1765570484130 1e-05 0
1765570484130 1e-05 0
1765570484130 1e-05 0
1765570484130 1e-05 0
1765570484130 1e-05 0
1765570484130 1e-05 0
1765570484130 1e-05 0
1765570484130 1e-05 0
1765570484130 1e-05 0
1765570484130 1e-05 0
1765570484130 1e-05 0
1765570484130 1e-05 0
1765570484130 1e-05 0
1765570484130 1e-05 0
1765570484130 1e-05 0
1765570484130 1e-05 0
1765570484130 1e-05 0
1765570484130 1e-05 0
1765570484130 1e-05 0
1765570484130 1e-05 0
1765570484130 1e-05 0
1765570484130 1e-05 0
1765570484130 1e-05 0
1765570484130 1e-05 0
1765570484130 1e-05 0
1765570484130 1e-05 0
1765570484130 1e-05 0
1765570484130 1e-05 0
1765570484130 1e-05 0
1765570484130 1e-05 0
1765570484130 1e-05 0
1765570484130 1e-05 0
1765570484130 1e-05 0
1765570484130 1e-05 0
1765570484130 1e-05 0
1765570484130 1e-05 0
1765570484130 1e-05 0
1765570484130 1e-05 0
1765570484130 1e-05 0
1765570484130 1e-05 0
1765570484130 1e-05 0
1765570484130 1e-05 0
1765570484130 1e-05 0
1765570484130 1e-05 0
1765570484130 1e-05 0
1765570484130 1e-05 0
1765570484130 1e-05 0
1765570484130 1e-05 0
1765570484130 1e-05 0
1765570484130 1e-05 0
1765570484130 1e-05 0
1765570484130 1e-05 0
1765570484130 1e-05 0
1765570484130 1e-05 0
1765570484130 1e-05 0
1765570484130 1e-05 0
1765570484130 1e-05 0
1765570484130 1e-05 0
1765570484130 1e-05 0
1765570484130 1e-05 0
1765570484130 1e-05 0
1765570484130 1e-05 0
1765570484130 1e-05 0
1765570484130 1e-05 0
1765570484130 1e-05 0
1765570484130 1e-05 0
1765570484130 1e-05 0
1765570484130 1e-05 0
1765570484130 1e-05 0
1765570484130 1e-05 0
1765570484130 1e-05 0
1765570484130 1e-05 0
1765570484130 1e-05 0
1765570484130 1e-05 0
1765570484130 1e-05 0
1765570484130 1e-05 0
1765570484130 1e-05 0
1765570484130 1e-05 0
1765570484130 1e-05 0
1765570484130 1e-05 0
1765570484130 1e-05 0
1765570484130 1e-05 0
1765570484130 1e-05 0
1765570484130 1e-05 0
1765570484130 1e-05 0
1765570484130 1e-05 0
1765570484130 1e-05 0
1765570484130 1e-05 0
1765570484130 1e-05 0
1765570484130 1e-05 0
1765570484130 1e-05 0
1765570484130 1e-05 0
1765570484130 1e-05 0
1765570484130 1e-05 0
1765570484130 1e-05 0
1765570484130 1e-05 0
1765570484130 1e-05 0
1765570484130 1e-05 0
1765570484130 1e-05 0
1765570484130 1e-05 0
1765570484130 1e-05 0
1765570484130 1e-05 0
1765570484130 1e-05 0
1765570484130 1e-05 0
1765570484130 1e-05 0
1765570484130 1e-05 0
1765570484130 1e-05 0
1765570484130 1e-05 0
1765570484130 1e-05 0
1765570484130 1e-05 0
1765570484130 1e-05 0
1765570484130 1e-05 0
1765570484130 1e-05 0
1765570484130 1e-05 0
1765570484130 1e-05 0
1765570484130 1e-05 0
1765570484130 1e-05 0
1765570484130 1e-05 0
1765570484130 1e-05 0
1765570484130 1e-05 0
1765570484130 1e-05 0
1765570484130 1e-05 0
1765570484130 1e-05 0
1765570484130 1e-05 0
1765570484130 1e-05 0
1765570484130 1e-05 0
1765570484130 1e-05 0
1765571536225 1e-05 9
