1765570484130 0.30083228057871264 0
1765570484130 0.30083228057871264 0
1765570604868 0.08343857511257131 1
1765570484130 0.30083228057871264 0
1765570484130 0.30083228057871264 0
1765570727745 0.05510246887570247 2
1765570484130 0.30083228057871264 0
1765570484130 0.30083228057871264 0
1765570484130 0.30083228057871264 0
1765570484130 0.30083228057871264 0
1765570849688 0.03181368993440022 3
1765570484130 0.30083228057871264 0
1765570484130 0.30083228057871264 0
1765570484130 0.30083228057871264 0
1765570484130 0.30083228057871264 0
1765570484130 0.30083228057871264 0
1765570484130 0.30083228057871264 0
1765570484130 0.30083228057871264 0
1765570484130 0.30083228057871264 0
1765570989759 0.024461889755912125 4
1765570484130 0.30083228057871264 0
1765570484130 0.30083228057871264 0
1765570484130 0.30083228057871264 0
1765570484130 0.30083228057871264 0
1765570484130 0.30083228057871264 0
1765570484130 0.30083228057871264 0
1765570484130 0.30083228057871264 0
1765570484130 0.30083228057871264 0
1765570484130 0.30083228057871264 0
1765570484130 0.30083228057871264 0
1765570484130 0.30083228057871264 0
1765570484130 0.30083228057871264 0
1765570484130 0.30083228057871264 0
1765570484130 0.30083228057871264 0
1765570484130 0.30083228057871264 0
1765570484130 0.30083228057871264 0
1765571113281 0.038834822582430206 5
1765570484130 0.30083228057871264 0
1765570484130 0.30083228057871264 0
1765570484130 0.30083228057871264 0
1765570484130 0.30083228057871264 0
1765570484130 0.30083228057871264 0
1765570484130 0.30083228057871264 0
1765570484130 0.30083228057871264 0
1765570484130 0.30083228057871264 0
1765570484130 0.30083228057871264 0
1765570484130 0.30083228057871264 0
1765570484130 0.30083228057871264 0
1765570484130 0.30083228057871264 0
1765570484130 0.30083228057871264 0
1765570484130 0.30083228057871264 0
1765570484130 0.30083228057871264 0
1765570484130 0.30083228057871264 0
1765570484130 0.30083228057871264 0
1765570484130 0.30083228057871264 0
1765570484130 0.30083228057871264 0
1765570484130 0.30083228057871264 0
1765570484130 0.30083228057871264 0
1765570484130 0.30083228057871264 0
1765570484130 0.30083228057871264 0
1765570484130 0.30083228057871264 0
1765570484130 0.30083228057871264 0
1765570484130 0.30083228057871264 0
1765570484130 0.30083228057871264 0
1765570484130 0.30083228057871264 0
1765570484130 0.30083228057871264 0
1765570484130 0.30083228057871264 0
1765570484130 0.30083228057871264 0
1765570484130 0.30083228057871264 0
1765571230200 0.016135427775831584 6
1765571314230 0.008484561726315102 7
1765570484130 0.30083228057871264 0
1765570484130 0.30083228057871264 0
1765570484130 0.30083228057871264 0
1765570484130 0.30083228057871264 0
1765570484130 0.30083228057871264 0
1765570484130 0.30083228057871264 0
1765570484130 0.30083228057871264 0
1765570484130 0.30083228057871264 0
1765570484130 0.30083228057871264 0
1765570484130 0.30083228057871264 0
1765570484130 0.30083228057871264 0
1765570484130 0.30083228057871264 0
1765570484130 0.30083228057871264 0
1765570484130 0.30083228057871264 0
1765570484130 0.30083228057871264 0
1765570484130 0.30083228057871264 0
1765570484130 0.30083228057871264 0
1765570484130 0.30083228057871264 0
1765570484130 0.30083228057871264 0
1765570484130 0.30083228057871264 0
1765570484130 0.30083228057871264 0
1765570484130 0.30083228057871264 0
1765570484130 0.30083228057871264 0
1765570484130 0.30083228057871264 0
1765570484130 0.30083228057871264 0
1765570484130 0.30083228057871264 0
1765570484130 0.30083228057871264 0
1765570484130 0.30083228057871264 0
1765570484130 0.30083228057871264 0
1765570484130 0.30083228057871264 0
1765570484130 0.30083228057871264 0
1765570484130 0.30083228057871264 0
1765570484130 0.30083228057871264 0
1765570484130 0.30083228057871264 0
1765570484130 0.30083228057871264 0
1765570484130 0.30083228057871264 0
1765570484130 0.30083228057871264 0
1765570484130 0.30083228057871264 0
1765570484130 0.30083228057871264 0
1765570484130 0.30083228057871264 0
1765570484130 0.30083228057871264 0
1765570484130 0.30083228057871264 0
1765570484130 0.30083228057871264 0
1765570484130 0.30083228057871264 0
1765570484130 0.30083228057871264 0
1765570484130 0.30083228057871264 0
1765570484130 0.30083228057871264 0
1765570484130 0.30083228057871264 0
1765570484130 0.30083228057871264 0
1765570484130 0.30083228057871264 0
1765570484130 0.30083228057871264 0
1765570484130 0.30083228057871264 0
1765570484130 0.30083228057871264 0
1765570484130 0.30083228057871264 0
1765570484130 0.30083228057871264 0
1765570484130 0.30083228057871264 0
1765570484130 0.30083228057871264 0
1765570484130 0.30083228057871264 0
1765570484130 0.30083228057871264 0
1765570484130 0.30083228057871264 0
1765570484130 0.30083228057871264 0
1765570484130 0.30083228057871264 0
1765570484130 0.30083228057871264 0
1765570484130 0.30083228057871264 0
1765571423748 0.013727430702905016 8
1765570484130 0.30083228057871264 0
1765570484130 0.30083228057871264 0
1765570484130 0.30083228057871264 0
1765570484130 0.30083228057871264 0
1765570484130 0.30083228057871264 0
1765570484130 0.30083228057871264 0
1765570484130 0.30083228057871264 0
1765570484130 0.30083228057871264 0
1765570484130 0.30083228057871264 0
1765570484130 0.30083228057871264 0
1765570484130 0.30083228057871264 0
1765570484130 0.30083228057871264 0
1765570484130 0.30083228057871264 0
1765570484130 0.30083228057871264 0
1765570484130 0.30083228057871264 0
1765570484130 0.30083228057871264 0
1765570484130 0.30083228057871264 0
1765570484130 0.30083228057871264 0
1765570484130 0.30083228057871264 0
1765570484130 0.30083228057871264 0
1765570484130 0.30083228057871264 0
1765570484130 0.30083228057871264 0
1765570484130 0.30083228057871264 0
1765570484130 0.30083228057871264 0
1765570484130 0.30083228057871264 0
1765570484130 0.30083228057871264 0
1765570484130 0.30083228057871264 0
1765570484130 0.30083228057871264 0
1765570484130 0.30083228057871264 0
1765570484130 0.30083228057871264 0
1765570484130 0.30083228057871264 0
1765570484130 0.30083228057871264 0
1765570484130 0.30083228057871264 0
1765570484130 0.30083228057871264 0
1765570484130 0.30083228057871264 0
1765570484130 0.30083228057871264 0
1765570484130 0.30083228057871264 0
1765570484130 0.30083228057871264 0
1765570484130 0.30083228057871264 0
1765570484130 0.30083228057871264 0
1765570484130 0.30083228057871264 0
1765570484130 0.30083228057871264 0
1765570484130 0.30083228057871264 0
1765570484130 0.30083228057871264 0
1765570484130 0.30083228057871264 0
1765570484130 0.30083228057871264 0
1765570484130 0.30083228057871264 0
1765570484130 0.30083228057871264 0
1765570484130 0.30083228057871264 0
1765570484130 0.30083228057871264 0
1765570484130 0.30083228057871264 0
1765570484130 0.30083228057871264 0
1765570484130 0.30083228057871264 0
1765570484130 0.30083228057871264 0
1765570484130 0.30083228057871264 0
1765570484130 0.30083228057871264 0
1765570484130 0.30083228057871264 0
1765570484130 0.30083228057871264 0
1765570484130 0.30083228057871264 0
1765570484130 0.30083228057871264 0
1765570484130 0.30083228057871264 0
1765570484130 0.30083228057871264 0
1765570484130 0.30083228057871264 0
1765570484130 0.30083228057871264 0
1765570484130 0.30083228057871264 0
1765570484130 0.30083228057871264 0
1765570484130 0.30083228057871264 0
1765570484130 0.30083228057871264 0
1765570484130 0.30083228057871264 0
1765570484130 0.30083228057871264 0
1765570484130 0.30083228057871264 0
1765570484130 0.30083228057871264 0
1765570484130 0.30083228057871264 0
1765570484130 0.30083228057871264 0
1765570484130 0.30083228057871264 0
1765570484130 0.30083228057871264 0
1765570484130 0.30083228057871264 0
1765570484130 0.30083228057871264 0
1765570484130 0.30083228057871264 0
1765570484130 0.30083228057871264 0
1765570484130 0.30083228057871264 0
1765570484130 0.30083228057871264 0
1765570484130 0.30083228057871264 0
1765570484130 0.30083228057871264 0
1765570484130 0.30083228057871264 0
1765570484130 0.30083228057871264 0
1765570484130 0.30083228057871264 0
1765570484130 0.30083228057871264 0
1765570484130 0.30083228057871264 0
1765570484130 0.30083228057871264 0
1765570484130 0.30083228057871264 0
1765570484130 0.30083228057871264 0
1765570484130 0.30083228057871264 0
1765570484130 0.30083228057871264 0
1765570484130 0.30083228057871264 0
1765570484130 0.30083228057871264 0
1765570484130 0.30083228057871264 0
1765570484130 0.30083228057871264 0
1765570484130 0.30083228057871264 0
1765570484130 0.30083228057871264 0
1765570484130 0.30083228057871264 0
1765570484130 0.30083228057871264 0
1765570484130 0.30083228057871264 0
1765570484130 0.30083228057871264 0
1765570484130 0.30083228057871264 0
1765570484130 0.30083228057871264 0
1765570484130 0.30083228057871264 0
1765570484130 0.30083228057871264 0
1765570484130 0.30083228057871264 0
1765570484130 0.30083228057871264 0
1765570484130 0.30083228057871264 0
1765570484130 0.30083228057871264 0
1765570484130 0.30083228057871264 0
1765570484130 0.30083228057871264 0
1765570484130 0.30083228057871264 0
1765570484130 0.30083228057871264 0
1765570484130 0.30083228057871264 0
1765570484130 0.30083228057871264 0
1765570484130 0.30083228057871264 0
1765570484130 0.30083228057871264 0
1765570484130 0.30083228057871264 0
1765570484130 0.30083228057871264 0
1765570484130 0.30083228057871264 0
1765570484130 0.30083228057871264 0
1765570484130 0.30083228057871264 0
1765570484130 0.30083228057871264 0
1765570484130 0.30083228057871264 0
1765570484130 0.30083228057871264 0
1765571536225 0.017183136209496297 9
