1765570484130 91.699604743083 0
1765570484130 91.699604743083 0
1765570604868 98.28722002635047 1
1765570484130 91.699604743083 0
1765570484130 91.699604743083 0
1765570727745 98.55072463768116 2
1765570484130 91.699604743083 0
1765570484130 91.699604743083 0
1765570484130 91.699604743083 0
1765570484130 91.699604743083 0
1765570849688 99.86824769433466 3
1765570484130 91.699604743083 0
1765570484130 91.699604743083 0
1765570484130 91.699604743083 0
1765570484130 91.699604743083 0
1765570484130 91.699604743083 0
1765570484130 91.699604743083 0
1765570484130 91.699604743083 0
1765570484130 91.699604743083 0
1765570989759 100.0 4
1765570484130 91.699604743083 0
1765570484130 91.699604743083 0
1765570484130 91.699604743083 0
1765570484130 91.699604743083 0
1765570484130 91.699604743083 0
1765570484130 91.699604743083 0
1765570484130 91.699604743083 0
1765570484130 91.699604743083 0
1765570484130 91.699604743083 0
1765570484130 91.699604743083 0
1765570484130 91.699604743083 0
1765570484130 91.699604743083 0
1765570484130 91.699604743083 0
1765570484130 91.699604743083 0
1765570484130 91.699604743083 0
1765570484130 91.699604743083 0
1765571113281 98.9459815546772 5
1765570484130 91.699604743083 0
1765570484130 91.699604743083 0
1765570484130 91.699604743083 0
1765570484130 91.699604743083 0
1765570484130 91.699604743083 0
1765570484130 91.699604743083 0
1765570484130 91.699604743083 0
1765570484130 91.699604743083 0
1765570484130 91.699604743083 0
1765570484130 91.699604743083 0
1765570484130 91.699604743083 0
1765570484130 91.699604743083 0
1765570484130 91.699604743083 0
1765570484130 91.699604743083 0
1765570484130 91.699604743083 0
1765570484130 91.699604743083 0
1765570484130 91.699604743083 0
1765570484130 91.699604743083 0
1765570484130 91.699604743083 0
1765570484130 91.699604743083 0
1765570484130 91.699604743083 0
1765570484130 91.699604743083 0
1765570484130 91.699604743083 0
1765570484130 91.699604743083 0
1765570484130 91.699604743083 0
1765570484130 91.699604743083 0
1765570484130 91.699604743083 0
1765570484130 91.699604743083 0
1765570484130 91.699604743083 0
1765570484130 91.699604743083 0
1765570484130 91.699604743083 0
1765570484130 91.699604743083 0
1765571230200 99.86824769433466 6
1765571314230 100.0 7
1765570484130 91.699604743083 0
1765570484130 91.699604743083 0
1765570484130 91.699604743083 0
1765570484130 91.699604743083 0
1765570484130 91.699604743083 0
1765570484130 91.699604743083 0
1765570484130 91.699604743083 0
1765570484130 91.699604743083 0
1765570484130 91.699604743083 0
1765570484130 91.699604743083 0
1765570484130 91.699604743083 0
1765570484130 91.699604743083 0
1765570484130 91.699604743083 0
1765570484130 91.699604743083 0
1765570484130 91.699604743083 0
1765570484130 91.699604743083 0
1765570484130 91.699604743083 0
1765570484130 91.699604743083 0
1765570484130 91.699604743083 0
1765570484130 91.699604743083 0
1765570484130 91.699604743083 0
1765570484130 91.699604743083 0
1765570484130 91.699604743083 0
1765570484130 91.699604743083 0
1765570484130 91.699604743083 0
1765570484130 91.699604743083 0
1765570484130 91.699604743083 0
1765570484130 91.699604743083 0
1765570484130 91.699604743083 0
1765570484130 91.699604743083 0
1765570484130 91.699604743083 0
1765570484130 91.699604743083 0
1765570484130 91.699604743083 0
1765570484130 91.699604743083 0
1765570484130 91.699604743083 0
1765570484130 91.699604743083 0
1765570484130 91.699604743083 0
1765570484130 91.699604743083 0
1765570484130 91.699604743083 0
1765570484130 91.699604743083 0
1765570484130 91.699604743083 0
1765570484130 91.699604743083 0
1765570484130 91.699604743083 0
1765570484130 91.699604743083 0
1765570484130 91.699604743083 0
1765570484130 91.699604743083 0
1765570484130 91.699604743083 0
1765570484130 91.699604743083 0
1765570484130 91.699604743083 0
1765570484130 91.699604743083 0
1765570484130 91.699604743083 0
1765570484130 91.699604743083 0
1765570484130 91.699604743083 0
1765570484130 91.699604743083 0
1765570484130 91.699604743083 0
1765570484130 91.699604743083 0
1765570484130 91.699604743083 0
1765570484130 91.699604743083 0
1765570484130 91.699604743083 0
1765570484130 91.699604743083 0
1765570484130 91.699604743083 0
1765570484130 91.699604743083 0
1765570484130 91.699604743083 0
1765570484130 91.699604743083 0
1765571423748 99.86824769433466 8
1765570484130 91.699604743083 0
1765570484130 91.699604743083 0
1765570484130 91.699604743083 0
1765570484130 91.699604743083 0
1765570484130 91.699604743083 0
1765570484130 91.699604743083 0
1765570484130 91.699604743083 0
1765570484130 91.699604743083 0
1765570484130 91.699604743083 0
1765570484130 91.699604743083 0
1765570484130 91.699604743083 0
1765570484130 91.699604743083 0
1765570484130 91.699604743083 0
1765570484130 91.699604743083 0
1765570484130 91.699604743083 0
1765570484130 91.699604743083 0
1765570484130 91.699604743083 0
1765570484130 91.699604743083 0
1765570484130 91.699604743083 0
1765570484130 91.699604743083 0
1765570484130 91.699604743083 0
1765570484130 91.699604743083 0
1765570484130 91.699604743083 0
1765570484130 91.699604743083 0
1765570484130 91.699604743083 0
1765570484130 91.699604743083 0
1765570484130 91.699604743083 0
1765570484130 91.699604743083 0
1765570484130 91.699604743083 0
1765570484130 91.699604743083 0
1765570484130 91.699604743083 0
1765570484130 91.699604743083 0
1765570484130 91.699604743083 0
1765570484130 91.699604743083 0
1765570484130 91.699604743083 0
1765570484130 91.699604743083 0
1765570484130 91.699604743083 0
1765570484130 91.699604743083 0
1765570484130 91.699604743083 0
1765570484130 91.699604743083 0
1765570484130 91.699604743083 0
1765570484130 91.699604743083 0
1765570484130 91.699604743083 0
1765570484130 91.699604743083 0
1765570484130 91.699604743083 0
1765570484130 91.699604743083 0
1765570484130 91.699604743083 0
1765570484130 91.699604743083 0
1765570484130 91.699604743083 0
1765570484130 91.699604743083 0
1765570484130 91.699604743083 0
1765570484130 91.699604743083 0
1765570484130 91.699604743083 0
1765570484130 91.699604743083 0
1765570484130 91.699604743083 0
1765570484130 91.699604743083 0
1765570484130 91.699604743083 0
1765570484130 91.699604743083 0
1765570484130 91.699604743083 0
1765570484130 91.699604743083 0
1765570484130 91.699604743083 0
1765570484130 91.699604743083 0
1765570484130 91.699604743083 0
1765570484130 91.699604743083 0
1765570484130 91.699604743083 0
1765570484130 91.699604743083 0
1765570484130 91.699604743083 0
1765570484130 91.699604743083 0
1765570484130 91.699604743083 0
1765570484130 91.699604743083 0
1765570484130 91.699604743083 0
1765570484130 91.699604743083 0
1765570484130 91.699604743083 0
1765570484130 91.699604743083 0
1765570484130 91.699604743083 0
1765570484130 91.699604743083 0
1765570484130 91.699604743083 0
1765570484130 91.699604743083 0
1765570484130 91.699604743083 0
1765570484130 91.699604743083 0
1765570484130 91.699604743083 0
1765570484130 91.699604743083 0
1765570484130 91.699604743083 0
1765570484130 91.699604743083 0
1765570484130 91.699604743083 0
1765570484130 91.699604743083 0
1765570484130 91.699604743083 0
1765570484130 91.699604743083 0
1765570484130 91.699604743083 0
1765570484130 91.699604743083 0
1765570484130 91.699604743083 0
1765570484130 91.699604743083 0
1765570484130 91.699604743083 0
1765570484130 91.699604743083 0
1765570484130 91.699604743083 0
1765570484130 91.699604743083 0
1765570484130 91.699604743083 0
1765570484130 91.699604743083 0
1765570484130 91.699604743083 0
1765570484130 91.699604743083 0
1765570484130 91.699604743083 0
1765570484130 91.699604743083 0
1765570484130 91.699604743083 0
1765570484130 91.699604743083 0
1765570484130 91.699604743083 0
1765570484130 91.699604743083 0
1765570484130 91.699604743083 0
1765570484130 91.699604743083 0
1765570484130 91.699604743083 0
1765570484130 91.699604743083 0
1765570484130 91.699604743083 0
1765570484130 91.699604743083 0
1765570484130 91.699604743083 0
1765570484130 91.699604743083 0
1765570484130 91.699604743083 0
1765570484130 91.699604743083 0
1765570484130 91.699604743083 0
1765570484130 91.699604743083 0
1765570484130 91.699604743083 0
1765570484130 91.699604743083 0
1765570484130 91.699604743083 0
1765570484130 91.699604743083 0
1765570484130 91.699604743083 0
1765570484130 91.699604743083 0
1765570484130 91.699604743083 0
1765570484130 91.699604743083 0
1765570484130 91.699604743083 0
1765570484130 91.699604743083 0
1765571536225 99.60474308300395 9
